   6.6800832e-01   6.3344977e-01
   7.4863415e-01   6.8198515e-01
   8.8782161e-01   7.8918533e-01
   8.1249758e-01   7.3735645e-01
   8.0480499e-01   8.1277478e-01
   8.3198400e-01   7.8013980e-01
   5.6820586e-01   6.9691529e-01
   7.6423325e-01   6.2636407e-01
   6.6726022e-01   7.2392588e-01
   6.8728521e-01   6.4192996e-01
   7.3249598e-01   7.2720579e-01
   7.0489550e-01   7.6487592e-01
   7.4769055e-01   7.7132374e-01
   6.5901989e-01   5.9455058e-01
   6.3040410e-01   5.8805375e-01
