37.00602	-119.34138	0.14241651	34499.00000000	2.185788164933	0.076722036257	4.498610244427	200.000000000000	3
36.97767	-119.38007	0.02458013	34802.00000000	2.185788164933	0.076722036257	4.498610244427	200.000000000000	3
36.98305	-119.33701	0.39464593	28868.00000000	2.185788164933	0.076722036257	4.498610244427	200.000000000000	3
36.97219	-119.28346	0.46411365	24409.00000000	2.185788164933	0.076722036257	4.498610244427	200.000000000000	3
36.97627	-119.22575	0.36437649	28138.00000000	2.185788164933	0.076722036257	4.498610244427	200.000000000000	3
36.94693	-119.13564	0.07806282	45299.00000000	2.185788164933	0.076722036257	4.498610244427	200.000000000000	3
36.94042	-119.12167	0.00963009	46526.00000000	2.185788164933	0.076722036257	4.498610244427	200.000000000000	3
36.88000	-119.34611	0.06023588	6139.00000000	2.185788164933	0.076722036257	4.498610244427	200.000000000000	3
36.88521	-119.26634	0.09361950	9683.00000000	2.185788164933	0.076722036257	4.498610244427	200.000000000000	3
36.89842	-119.21407	0.62974405	17922.00000000	2.185788164933	0.076722036257	4.498610244427	200.000000000000	3
36.91116	-119.15835	0.39670254	27013.00000000	2.185788164933	0.076722036257	4.498610244427	200.000000000000	3
36.90822	-119.11434	0.20299732	37591.00000000	2.185788164933	0.076722036257	4.498610244427	200.000000000000	3
36.86946	-119.33917	0.05697683	4295.00000000	2.185788164933	0.076722036257	4.498610244427	200.000000000000	3
36.86097	-119.25387	0.05079711	9082.00000000	2.185788164933	0.076722036257	4.498610244427	200.000000000000	3
36.84686	-119.22162	0.57989453	10348.00000000	2.185788164933	0.076722036257	4.498610244427	200.000000000000	3
36.85774	-119.17244	0.00843455	19612.00000000	2.185788164933	0.076722036257	4.498610244427	200.000000000000	3
36.87167	-119.11750	0.02478540	36108.00000000	2.185788164933	0.076722036257	4.498610244427	200.000000000000	3
36.94990	-119.40067	0.17107143	33638.00000000	2.185788164933	0.076722036257	4.498610244427	200.000000000000	7
36.92983	-119.39848	0.14328143	32542.00000000	2.185788164933	0.076722036257	4.498610244427	200.000000000000	7
36.91777	-119.39295	0.11146866	32373.00000000	2.185788164933	0.076722036257	4.498610244427	200.000000000000	6
36.89823	-119.34078	0.37613097	5218.00000000	2.185788164933	0.076722036257	4.498610244427	200.000000000000	6
36.88358	-119.30405	0.07846742	5871.00000000	2.185788164933	0.076722036257	4.498610244427	200.000000000000	6
36.87167	-119.31958	0.02340844	4438.00000000	2.185788164933	0.076722036257	4.498610244427	200.000000000000	6
36.87167	-119.29875	0.04543991	4899.00000000	2.185788164933	0.076722036257	4.498610244427	200.000000000000	6
36.95950	-119.38470	0.12258702	32820.00000000	2.185788164933	0.076722036257	4.498610244427	200.000000000000	6
36.95818	-119.34899	0.56129008	25889.00000000	2.185788164933	0.076722036257	4.498610244427	200.000000000000	6
36.94752	-119.28036	0.29656362	21031.00000000	2.185788164933	0.076722036257	4.498610244427	200.000000000000	6
36.94540	-119.22612	0.18136632	24112.00000000	2.185788164933	0.076722036257	4.498610244427	200.000000000000	6
36.94549	-119.17910	0.05519809	34696.00000000	2.185788164933	0.076722036257	4.498610244427	200.000000000000	6
36.93208	-119.37583	0.00447160	32280.00000000	2.185788164933	0.076722036257	4.498610244427	200.000000000000	6
36.92407	-119.33817	0.37588236	15605.00000000	2.185788164933	0.076722036257	4.498610244427	200.000000000000	6
36.91454	-119.28291	0.66837247	9520.00000000	2.185788164933	0.076722036257	4.498610244427	200.000000000000	6
36.92458	-119.22590	0.30362027	17893.00000000	2.185788164933	0.076722036257	4.498610244427	200.000000000000	6
36.92520	-119.17867	0.10302713	32321.00000000	2.185788164933	0.076722036257	4.498610244427	200.000000000000	6
36.84490	-119.33051	0.11295181	0.00000000	2.185788164933	0.076722036257	4.498610244427	200.000000000000	6
36.83888	-119.27710	0.51659371	1543.00000000	2.185788164933	0.076722036257	4.498610244427	200.000000000000	6
36.82250	-119.23083	0.00998943	15445.00000000	2.185788164933	0.076722036257	4.498610244427	200.000000000000	6
36.81125	-119.28083	0.00068902	8763.00000000	2.185788164933	0.076722036257	4.498610244427	200.000000000000	6
37.09523	-119.35046	0.01682413	45923.00000000	2.185788164933	0.076722036257	4.498610244427	200.000000000000	7
37.07138	-119.27543	0.21008078	44456.00000000	2.185788164933	0.076722036257	4.498610244427	200.000000000000	7
37.06958	-119.24667	0.02334765	44248.00000000	2.185788164933	0.076722036257	4.498610244427	200.000000000000	7
37.03809	-119.37852	0.02370261	42875.00000000	2.185788164933	0.076722036257	4.498610244427	200.000000000000	7
37.04259	-119.34568	0.50040170	38055.00000000	2.185788164933	0.076722036257	4.498610244427	200.000000000000	7
37.03953	-119.27989	0.68805630	36795.00000000	2.185788164933	0.076722036257	4.498610244427	200.000000000000	7
37.02726	-119.24012	0.18274896	35306.00000000	2.185788164933	0.076722036257	4.498610244427	200.000000000000	7
36.99378	-119.22186	0.04467978	33053.00000000	2.185788164933	0.076722036257	4.498610244427	200.000000000000	7
36.70744	-118.93049	0.00155203	85079.00000000	2.185788164933	0.076722036257	4.498610244427	200.000000000000	7
36.89659	-119.14090	0.25121609	31465.00000000	2.185788164933	0.076722036257	4.498610244427	200.000000000000	6
36.88797	-119.09085	0.33795402	37128.00000000	2.185788164933	0.076722036257	4.498610244427	200.000000000000	6
36.88596	-119.04958	0.15073846	46709.00000000	2.185788164933	0.076722036257	4.498610244427	200.000000000000	6
36.86869	-119.09071	0.13014589	39093.00000000	2.185788164933	0.076722036257	4.498610244427	200.000000000000	6
36.87167	-119.04458	0.05921494	46060.00000000	2.185788164933	0.076722036257	4.498610244427	200.000000000000	6
36.88298	-119.16079	0.14452086	27422.00000000	2.185788164933	0.076722036257	4.498610244427	200.000000000000	6
36.85831	-119.21005	0.17386126	13109.00000000	2.185788164933	0.076722036257	4.498610244427	200.000000000000	6
36.85672	-119.15289	0.49811271	19689.00000000	2.185788164933	0.076722036257	4.498610244427	200.000000000000	6
36.83898	-119.10085	0.44853216	36239.00000000	2.185788164933	0.076722036257	4.498610244427	200.000000000000	6
36.84093	-119.04251	0.35832772	44772.00000000	2.185788164933	0.076722036257	4.498610244427	200.000000000000	6
36.81125	-119.12583	0.00017225	49553.00000000	2.185788164933	0.076722036257	4.498610244427	200.000000000000	6
36.79818	-119.08946	0.16730038	47734.00000000	2.185788164933	0.076722036257	4.498610244427	200.000000000000	6
36.78547	-119.05456	0.12336939	51307.00000000	2.185788164933	0.076722036257	4.498610244427	200.000000000000	6
37.02919	-119.22882	0.21298817	34913.00000000	2.185788164933	0.076722036257	4.498610244427	200.000000000000	3
36.99667	-119.21000	0.02749421	34095.00000000	2.185788164933	0.076722036257	4.498610244427	200.000000000000	3
36.75985	-119.00493	0.04205926	59252.00000000	2.185788164933	0.076722036257	4.498610244427	200.000000000000	3
36.77318	-118.96322	0.59110896	60118.00000000	2.185788164933	0.076722036257	4.498610244427	200.000000000000	3
36.77646	-118.90659	0.81855680	72782.00000000	2.185788164933	0.076722036257	4.498610244427	200.000000000000	3
36.77605	-118.86442	0.26123870	74063.00000000	2.185788164933	0.076722036257	4.498610244427	200.000000000000	3
36.74667	-119.00083	0.00275843	62083.00000000	2.185788164933	0.076722036257	4.498610244427	200.000000000000	3
36.73858	-118.96476	0.31178450	62346.00000000	2.185788164933	0.076722036257	4.498610244427	200.000000000000	3
36.72365	-118.90246	0.45509273	80234.00000000	2.185788164933	0.076722036257	4.498610244427	200.000000000000	3
36.74019	-118.86833	0.06965475	81052.00000000	2.185788164933	0.076722036257	4.498610244427	200.000000000000	3
37.04953	-119.41547	0.00996211	43115.00000000	2.185788164933	0.076722036257	4.498610244427	200.000000000000	3
37.01780	-119.34018	0.22575954	35055.00000000	2.185788164933	0.076722036257	4.498610244427	200.000000000000	3
37.00963	-119.28396	0.27140532	35338.00000000	2.185788164933	0.076722036257	4.498610244427	200.000000000000	3
37.00832	-119.24590	0.03367441	35338.00000000	2.185788164933	0.076722036257	4.498610244427	200.000000000000	3
36.99667	-119.31542	0.00962297	34029.00000000	2.185788164933	0.076722036257	4.498610244427	200.000000000000	3
36.99153	-119.27757	0.20627063	30190.00000000	2.185788164933	0.076722036257	4.498610244427	200.000000000000	3
36.99359	-119.23772	0.04193036	31340.00000000	2.185788164933	0.076722036257	4.498610244427	200.000000000000	3
37.08918	-119.32300	0.04429150	46509.00000000	2.185788164933	0.076722036257	4.498610244427	200.000000000000	3
37.09721	-119.28158	0.18983794	46754.00000000	2.185788164933	0.076722036257	4.498610244427	200.000000000000	3
37.08767	-119.23201	0.25180001	43992.00000000	2.185788164933	0.076722036257	4.498610244427	200.000000000000	3
37.05758	-119.32093	0.04309883	41989.00000000	2.185788164933	0.076722036257	4.498610244427	200.000000000000	3
37.05708	-119.31125	0.00669639	46207.00000000	2.185788164933	0.076722036257	4.498610244427	200.000000000000	3
37.04685	-119.20430	0.20437876	37582.00000000	2.185788164933	0.076722036257	4.498610244427	200.000000000000	3
37.02423	-119.15463	0.53422387	37080.00000000	2.185788164933	0.076722036257	4.498610244427	200.000000000000	3
37.00998	-119.10909	0.14775193	56107.00000000	2.185788164933	0.076722036257	4.498610244427	200.000000000000	3
36.99326	-119.14561	0.07561520	52397.00000000	2.185788164933	0.076722036257	4.498610244427	200.000000000000	3
36.99667	-119.09750	0.01374710	58360.00000000	2.185788164933	0.076722036257	4.498610244427	200.000000000000	3
37.02519	-119.20816	0.30472586	35491.00000000	2.185788164933	0.076722036257	4.498610244427	200.000000000000	7
37.00617	-119.17175	0.02577140	36633.00000000	2.185788164933	0.076722036257	4.498610244427	200.000000000000	7
37.00083	-119.11333	0.00962245	55883.00000000	2.185788164933	0.076722036257	4.498610244427	200.000000000000	7
36.96408	-119.20382	0.30705231	26828.00000000	2.185788164933	0.076722036257	4.498610244427	200.000000000000	7
36.97024	-119.15777	0.75808283	33772.00000000	2.185788164933	0.076722036257	4.498610244427	200.000000000000	7
36.96361	-119.10035	0.67778745	46216.00000000	2.185788164933	0.076722036257	4.498610244427	200.000000000000	7
36.94217	-119.05812	0.02080685	49658.00000000	2.185788164933	0.076722036257	4.498610244427	200.000000000000	7
36.93238	-119.15702	0.07223793	35670.00000000	2.185788164933	0.076722036257	4.498610244427	200.000000000000	7
36.91978	-119.08625	0.42680445	41889.00000000	2.185788164933	0.076722036257	4.498610244427	200.000000000000	7
36.91103	-119.04925	0.19937507	47785.00000000	2.185788164933	0.076722036257	4.498610244427	200.000000000000	7
36.83882	-119.08449	0.36505599	40698.00000000	2.185788164933	0.076722036257	4.498610244427	200.000000000000	7
36.83797	-119.02399	0.46560167	44587.00000000	2.185788164933	0.076722036257	4.498610244427	200.000000000000	7
36.83297	-118.96793	0.62420354	53445.00000000	2.185788164933	0.076722036257	4.498610244427	200.000000000000	7
36.82963	-118.90983	0.48989460	61169.00000000	2.185788164933	0.076722036257	4.498610244427	200.000000000000	7
36.83011	-118.84009	0.04580850	71478.00000000	2.185788164933	0.076722036257	4.498610244427	200.000000000000	7
36.83773	-118.77856	0.56548497	76463.00000000	2.185788164933	0.076722036257	4.498610244427	200.000000000000	7
36.82704	-118.71814	0.44342515	85651.00000000	2.185788164933	0.076722036257	4.498610244427	200.000000000000	7
36.82181	-118.67401	0.13622259	94595.00000000	2.185788164933	0.076722036257	4.498610244427	200.000000000000	7
36.78916	-119.08839	0.38561610	47658.00000000	2.185788164933	0.076722036257	4.498610244427	200.000000000000	7
36.78569	-119.02544	0.67827178	51346.00000000	2.185788164933	0.076722036257	4.498610244427	200.000000000000	7
36.79386	-118.97739	0.37822438	56638.00000000	2.185788164933	0.076722036257	4.498610244427	200.000000000000	7
36.80723	-118.90439	0.15076767	71462.00000000	2.185788164933	0.076722036257	4.498610244427	200.000000000000	7
36.80708	-118.86750	0.04031031	72427.00000000	2.185788164933	0.076722036257	4.498610244427	200.000000000000	7
36.79976	-118.76698	0.22674028	80557.00000000	2.185788164933	0.076722036257	4.498610244427	200.000000000000	7
36.79765	-118.72520	0.38510659	85520.00000000	2.185788164933	0.076722036257	4.498610244427	200.000000000000	7
36.79936	-118.65530	0.32716569	93438.00000000	2.185788164933	0.076722036257	4.498610244427	200.000000000000	7
36.79243	-118.61496	0.07925511	101271.00000000	2.185788164933	0.076722036257	4.498610244427	200.000000000000	7
36.73967	-119.00700	0.06483030	61128.00000000	2.185788164933	0.076722036257	4.498610244427	200.000000000000	7
36.73269	-118.99019	0.06207371	62384.00000000	2.185788164933	0.076722036257	4.498610244427	200.000000000000	7
37.06958	-119.19042	0.02042958	45274.00000000	2.185788164933	0.076722036257	4.498610244427	200.000000000000	3
37.06813	-119.16632	0.10317473	45945.00000000	2.185788164933	0.076722036257	4.498610244427	200.000000000000	3
37.07095	-119.09190	0.10988024	67430.00000000	2.185788164933	0.076722036257	4.498610244427	200.000000000000	3
37.05292	-119.19042	0.02764557	43577.00000000	2.185788164933	0.076722036257	4.498610244427	200.000000000000	3
37.04016	-119.15819	0.36049334	41864.00000000	2.185788164933	0.076722036257	4.498610244427	200.000000000000	3
37.03393	-119.09981	0.48948446	58475.00000000	2.185788164933	0.076722036257	4.498610244427	200.000000000000	3
37.01417	-119.06125	0.00515398	64301.00000000	2.185788164933	0.076722036257	4.498610244427	200.000000000000	3
36.94994	-119.02462	0.20116847	54819.00000000	2.185788164933	0.076722036257	4.498610244427	200.000000000000	3
36.96417	-118.99667	0.01375298	59897.00000000	2.185788164933	0.076722036257	4.498610244427	200.000000000000	3
36.91595	-119.02490	0.38362615	51371.00000000	2.185788164933	0.076722036257	4.498610244427	200.000000000000	3
36.90261	-118.96606	0.49380045	54292.00000000	2.185788164933	0.076722036257	4.498610244427	200.000000000000	3
36.89552	-118.90882	0.41467303	62009.00000000	2.185788164933	0.076722036257	4.498610244427	200.000000000000	3
36.89241	-118.84897	0.37512544	73846.00000000	2.185788164933	0.076722036257	4.498610244427	200.000000000000	3
36.87167	-118.88917	0.01376967	73236.00000000	2.185788164933	0.076722036257	4.498610244427	200.000000000000	3
36.87167	-118.85583	0.01376967	73808.00000000	2.185788164933	0.076722036257	4.498610244427	200.000000000000	3
37.16174	-119.15084	0.21541334	74700.00000000	2.185788164933	0.076722036257	4.498610244427	200.000000000000	3
37.14676	-119.10433	0.27374782	77461.00000000	2.185788164933	0.076722036257	4.498610244427	200.000000000000	3
37.09516	-119.15385	0.41120481	66714.00000000	2.185788164933	0.076722036257	4.498610244427	200.000000000000	3
37.11333	-119.11353	0.08647104	73757.00000000	2.185788164933	0.076722036257	4.498610244427	200.000000000000	3
37.05708	-119.15167	0.04464270	64330.00000000	2.185788164933	0.076722036257	4.498610244427	200.000000000000	3
37.02068	-119.02327	0.26798806	66161.00000000	2.185788164933	0.076722036257	4.498610244427	200.000000000000	3
37.02864	-118.98855	0.19581383	65969.00000000	2.185788164933	0.076722036257	4.498610244427	200.000000000000	3
37.00784	-118.89074	0.11683078	73629.00000000	2.185788164933	0.076722036257	4.498610244427	200.000000000000	3
37.01841	-118.84307	0.44489026	80429.00000000	2.185788164933	0.076722036257	4.498610244427	200.000000000000	3
37.00911	-118.79586	0.14946804	96708.00000000	2.185788164933	0.076722036257	4.498610244427	200.000000000000	3
36.98609	-118.89830	0.17874232	69749.00000000	2.185788164933	0.076722036257	4.498610244427	200.000000000000	3
36.98471	-118.78829	0.26124214	92448.00000000	2.185788164933	0.076722036257	4.498610244427	200.000000000000	3
37.07904	-118.96721	0.12703036	75552.00000000	2.185788164933	0.076722036257	4.498610244427	200.000000000000	16
37.00515	-119.02684	0.11406147	63869.00000000	2.185788164933	0.076722036257	4.498610244427	200.000000000000	16
37.03419	-118.96878	0.44586738	65707.00000000	2.185788164933	0.076722036257	4.498610244427	200.000000000000	16
36.98293	-119.01938	0.30183158	60328.00000000	2.185788164933	0.076722036257	4.498610244427	200.000000000000	16
36.98503	-118.98503	0.23098720	61162.00000000	2.185788164933	0.076722036257	4.498610244427	200.000000000000	16
37.21798	-118.96639	0.06752415	92399.00000000	2.185788164933	0.076722036257	4.498610244427	200.000000000000	2
37.21851	-118.92956	0.01971031	96500.00000000	2.185788164933	0.076722036257	4.498610244427	200.000000000000	2
37.17375	-119.07792	0.11520878	84821.00000000	2.185788164933	0.076722036257	4.498610244427	200.000000000000	2
37.15760	-119.02527	0.58286031	86948.00000000	2.185788164933	0.076722036257	4.498610244427	200.000000000000	2
37.15330	-118.96583	0.82846914	84759.00000000	2.185788164933	0.076722036257	4.498610244427	200.000000000000	2
37.14793	-118.91605	0.53480523	86354.00000000	2.185788164933	0.076722036257	4.498610244427	200.000000000000	2
37.14130	-118.84641	0.29086175	87981.00000000	2.185788164933	0.076722036257	4.498610244427	200.000000000000	2
37.09541	-119.13889	0.25640698	67909.00000000	2.185788164933	0.076722036257	4.498610244427	200.000000000000	2
37.08280	-119.09778	0.41965106	67091.00000000	2.185788164933	0.076722036257	4.498610244427	200.000000000000	2
37.09008	-119.03482	0.42067619	72047.00000000	2.185788164933	0.076722036257	4.498610244427	200.000000000000	2
37.09472	-118.96526	0.64960131	75613.00000000	2.185788164933	0.076722036257	4.498610244427	200.000000000000	2
37.09678	-118.90526	0.84351604	76217.00000000	2.185788164933	0.076722036257	4.498610244427	200.000000000000	2
37.09213	-118.84594	0.88876759	84711.00000000	2.185788164933	0.076722036257	4.498610244427	200.000000000000	2
37.07979	-118.80509	0.05337866	93538.00000000	2.185788164933	0.076722036257	4.498610244427	200.000000000000	2
37.06125	-119.12583	0.00103016	67631.00000000	2.185788164933	0.076722036257	4.498610244427	200.000000000000	2
37.04542	-119.07726	0.26018792	65288.00000000	2.185788164933	0.076722036257	4.498610244427	200.000000000000	2
37.04190	-119.03526	0.56414736	64579.00000000	2.185788164933	0.076722036257	4.498610244427	200.000000000000	2
37.05637	-118.98412	0.07297545	73824.00000000	2.185788164933	0.076722036257	4.498610244427	200.000000000000	2
37.04496	-118.89616	0.37011118	75159.00000000	2.185788164933	0.076722036257	4.498610244427	200.000000000000	2
37.04469	-118.84508	0.48344654	80691.00000000	2.185788164933	0.076722036257	4.498610244427	200.000000000000	2
37.04869	-118.79174	0.25742975	94286.00000000	2.185788164933	0.076722036257	4.498610244427	200.000000000000	2
37.14833	-119.21317	0.01784046	77161.00000000	2.185788164933	0.076722036257	4.498610244427	200.000000000000	16
37.14274	-119.16956	0.21679605	75278.00000000	2.185788164933	0.076722036257	4.498610244427	200.000000000000	16
37.10112	-119.20719	0.28902839	45213.00000000	2.185788164933	0.076722036257	4.498610244427	200.000000000000	16
37.10216	-119.17887	0.19457654	69877.00000000	2.185788164933	0.076722036257	4.498610244427	200.000000000000	16
37.00827	-118.95435	0.09621364	67365.00000000	2.185788164933	0.076722036257	4.498610244427	200.000000000000	16
37.00083	-118.63917	0.00343659	108756.00000000	2.185788164933	0.076722036257	4.498610244427	200.000000000000	16
36.94875	-119.00500	0.05571083	57165.00000000	2.185788164933	0.076722036257	4.498610244427	200.000000000000	16
36.96220	-118.96497	0.66441006	57612.00000000	2.185788164933	0.076722036257	4.498610244427	200.000000000000	16
36.94656	-118.92720	0.10161773	66278.00000000	2.185788164933	0.076722036257	4.498610244427	200.000000000000	16
36.95872	-118.76442	0.32563573	87402.00000000	2.185788164933	0.076722036257	4.498610244427	200.000000000000	16
36.96218	-118.72085	0.64915374	90032.00000000	2.185788164933	0.076722036257	4.498610244427	200.000000000000	16
36.96754	-118.65608	0.44694544	96414.00000000	2.185788164933	0.076722036257	4.498610244427	200.000000000000	16
36.92739	-119.00885	0.08186918	54279.00000000	2.185788164933	0.076722036257	4.498610244427	200.000000000000	16
36.92825	-118.96903	0.27953262	56586.00000000	2.185788164933	0.076722036257	4.498610244427	200.000000000000	16
36.92200	-118.90427	0.41954045	66531.00000000	2.185788164933	0.076722036257	4.498610244427	200.000000000000	16
36.91688	-118.84957	0.29586046	80266.00000000	2.185788164933	0.076722036257	4.498610244427	200.000000000000	16
36.92536	-118.77566	0.21432044	83769.00000000	2.185788164933	0.076722036257	4.498610244427	200.000000000000	16
36.93361	-118.74240	0.02820647	88527.00000000	2.185788164933	0.076722036257	4.498610244427	200.000000000000	16
36.69458	-118.81958	0.00276012	97022.00000000	2.185788164933	0.076722036257	4.498610244427	200.000000000000	16
36.70900	-118.77820	0.53004202	89761.00000000	2.185788164933	0.076722036257	4.498610244427	200.000000000000	16
36.70001	-118.73524	0.20285016	95178.00000000	2.185788164933	0.076722036257	4.498610244427	200.000000000000	16
36.69042	-118.64750	0.06038494	114757.00000000	2.185788164933	0.076722036257	4.498610244427	200.000000000000	16
36.66181	-118.77834	0.06764426	96213.00000000	2.185788164933	0.076722036257	4.498610244427	200.000000000000	16
36.66015	-118.72446	0.24729152	97300.00000000	2.185788164933	0.076722036257	4.498610244427	200.000000000000	16
36.67592	-118.65890	0.30716899	115482.00000000	2.185788164933	0.076722036257	4.498610244427	200.000000000000	16
36.67667	-118.62167	0.02760948	115514.00000000	2.185788164933	0.076722036257	4.498610244427	200.000000000000	16
36.75435	-118.83180	0.06617445	82008.00000000	2.185788164933	0.076722036257	4.498610244427	200.000000000000	2
36.76031	-118.77305	0.23439810	85849.00000000	2.185788164933	0.076722036257	4.498610244427	200.000000000000	2
36.77052	-118.71459	0.58182956	89879.00000000	2.185788164933	0.076722036257	4.498610244427	200.000000000000	2
36.77769	-118.67335	0.23090493	93384.00000000	2.185788164933	0.076722036257	4.498610244427	200.000000000000	2
36.71180	-118.83961	0.21522622	82123.00000000	2.185788164933	0.076722036257	4.498610244427	200.000000000000	2
36.73397	-118.78562	0.37439755	87601.00000000	2.185788164933	0.076722036257	4.498610244427	200.000000000000	2
36.72311	-118.71663	0.68692333	93372.00000000	2.185788164933	0.076722036257	4.498610244427	200.000000000000	2
36.73465	-118.66758	0.25019203	101447.00000000	2.185788164933	0.076722036257	4.498610244427	200.000000000000	2
36.68625	-118.69875	0.01397556	119385.00000000	2.185788164933	0.076722036257	4.498610244427	200.000000000000	2
36.68625	-118.68625	0.00155284	119493.00000000	2.185788164933	0.076722036257	4.498610244427	200.000000000000	2
37.00476	-119.07465	0.05910256	59549.00000000	2.185788164933	0.076722036257	4.498610244427	200.000000000000	3
37.00351	-119.05932	0.00962188	63591.00000000	2.185788164933	0.076722036257	4.498610244427	200.000000000000	3
36.98144	-119.07571	0.26574200	55567.00000000	2.185788164933	0.076722036257	4.498610244427	200.000000000000	3
36.97177	-119.04627	0.38743515	54905.00000000	2.185788164933	0.076722036257	4.498610244427	200.000000000000	3
36.88424	-119.01758	0.15213302	49262.00000000	2.185788164933	0.076722036257	4.498610244427	200.000000000000	3
36.88386	-118.97519	0.19441466	53429.00000000	2.185788164933	0.076722036257	4.498610244427	200.000000000000	3
36.88112	-118.90680	0.11184679	61824.00000000	2.185788164933	0.076722036257	4.498610244427	200.000000000000	3
36.88069	-118.83464	0.07743608	73661.00000000	2.185788164933	0.076722036257	4.498610244427	200.000000000000	3
36.88417	-118.81125	0.01135726	77828.00000000	2.185788164933	0.076722036257	4.498610244427	200.000000000000	3
36.86770	-119.01434	0.08538149	47990.00000000	2.185788164933	0.076722036257	4.498610244427	200.000000000000	3
36.86329	-118.97023	0.34432991	52496.00000000	2.185788164933	0.076722036257	4.498610244427	200.000000000000	3
36.85780	-118.90298	0.46485579	60421.00000000	2.185788164933	0.076722036257	4.498610244427	200.000000000000	3
36.85606	-118.85231	0.43036223	68407.00000000	2.185788164933	0.076722036257	4.498610244427	200.000000000000	3
36.87167	-118.81125	0.00413090	77435.00000000	2.185788164933	0.076722036257	4.498610244427	200.000000000000	3
36.82465	-118.84667	0.24092457	69449.00000000	2.185788164933	0.076722036257	4.498610244427	200.000000000000	3
36.81542	-118.81125	0.00361720	77425.00000000	2.185788164933	0.076722036257	4.498610244427	200.000000000000	3
36.80336	-118.83463	0.20863566	72542.00000000	2.185788164933	0.076722036257	4.498610244427	200.000000000000	3
36.79354	-118.79617	0.20141367	77687.00000000	2.185788164933	0.076722036257	4.498610244427	200.000000000000	3
36.94042	-118.70708	0.05657676	91675.00000000	2.185788164933	0.076722036257	4.498610244427	200.000000000000	16
36.94042	-118.68625	0.00361128	96785.00000000	2.185788164933	0.076722036257	4.498610244427	200.000000000000	16
36.90597	-118.77281	0.16860183	78052.00000000	2.185788164933	0.076722036257	4.498610244427	200.000000000000	16
36.92669	-118.72993	0.15497662	88412.00000000	2.185788164933	0.076722036257	4.498610244427	200.000000000000	16
36.93625	-118.68625	0.00154778	97015.00000000	2.185788164933	0.076722036257	4.498610244427	200.000000000000	16
36.84182	-118.82529	0.23762084	72612.00000000	2.185788164933	0.076722036257	4.498610244427	200.000000000000	16
36.84111	-118.79988	0.21007078	77218.00000000	2.185788164933	0.076722036257	4.498610244427	200.000000000000	16
36.80786	-118.79906	0.02756308	78042.00000000	2.185788164933	0.076722036257	4.498610244427	200.000000000000	16
36.71417	-118.87896	0.01328010	84523.00000000	2.185788164933	0.076722036257	4.498610244427	200.000000000000	16
36.72429	-118.84631	0.39216035	82686.00000000	2.185788164933	0.076722036257	4.498610244427	200.000000000000	16
36.72250	-118.81125	0.00517369	92708.00000000	2.185788164933	0.076722036257	4.498610244427	200.000000000000	16
36.88025	-118.76368	0.05851686	82704.00000000	2.185788164933	0.076722036257	4.498610244427	200.000000000000	3
36.87583	-118.69042	0.00240956	102767.00000000	2.185788164933	0.076722036257	4.498610244427	200.000000000000	3
36.87583	-118.68208	0.00447490	102882.00000000	2.185788164933	0.076722036257	4.498610244427	200.000000000000	3
36.87083	-118.75898	0.03098209	84085.00000000	2.185788164933	0.076722036257	4.498610244427	200.000000000000	3
36.85539	-118.71476	0.36948632	86315.00000000	2.185788164933	0.076722036257	4.498610244427	200.000000000000	3
36.84290	-118.66065	0.54031961	96848.00000000	2.185788164933	0.076722036257	4.498610244427	200.000000000000	3
36.82837	-118.58863	0.41949287	103160.00000000	2.185788164933	0.076722036257	4.498610244427	200.000000000000	3
36.83798	-118.55738	0.07231891	111998.00000000	2.185788164933	0.076722036257	4.498610244427	200.000000000000	3
36.77484	-118.83442	0.39294959	77010.00000000	2.185788164933	0.076722036257	4.498610244427	200.000000000000	3
36.77229	-118.78720	0.27917793	81567.00000000	2.185788164933	0.076722036257	4.498610244427	200.000000000000	3
36.75083	-118.69042	0.00241350	100955.00000000	2.185788164933	0.076722036257	4.498610244427	200.000000000000	3
36.76884	-118.64740	0.41124068	98261.00000000	2.185788164933	0.076722036257	4.498610244427	200.000000000000	3
36.78323	-118.59781	0.68239933	101194.00000000	2.185788164933	0.076722036257	4.498610244427	200.000000000000	3
36.79906	-118.55786	0.02756470	109458.00000000	2.185788164933	0.076722036257	4.498610244427	200.000000000000	3
36.72880	-118.69524	0.08035712	101140.00000000	2.185788164933	0.076722036257	4.498610244427	200.000000000000	3
36.71531	-118.65275	0.65956971	101063.00000000	2.185788164933	0.076722036257	4.498610244427	200.000000000000	3
36.73234	-118.60708	0.27588288	106263.00000000	2.185788164933	0.076722036257	4.498610244427	200.000000000000	3
36.68625	-118.67205	0.01138749	115668.00000000	2.185788164933	0.076722036257	4.498610244427	200.000000000000	3
36.68625	-118.62167	0.00414091	115105.00000000	2.185788164933	0.076722036257	4.498610244427	200.000000000000	3
36.89750	-118.81542	0.01204438	80420.00000000	2.185788164933	0.076722036257	4.498610244427	200.000000000000	3
36.89383	-118.79431	0.25638329	79093.00000000	2.185788164933	0.076722036257	4.498610244427	200.000000000000	3
36.86375	-118.76905	0.15148496	80173.00000000	2.185788164933	0.076722036257	4.498610244427	200.000000000000	3
36.85167	-118.74250	0.06197973	86916.00000000	2.185788164933	0.076722036257	4.498610244427	200.000000000000	3
37.20969	-118.97901	0.05861400	92831.00000000	2.185788164933	0.076722036257	4.498610244427	200.000000000000	16
37.21654	-118.90139	0.21437648	94356.00000000	2.185788164933	0.076722036257	4.498610244427	200.000000000000	16
37.15544	-119.09275	0.30713822	77931.00000000	2.185788164933	0.076722036257	4.498610244427	200.000000000000	16
37.15282	-119.04647	0.25482925	84584.00000000	2.185788164933	0.076722036257	4.498610244427	200.000000000000	16
37.17615	-118.98754	0.11948992	90575.00000000	2.185788164933	0.076722036257	4.498610244427	200.000000000000	16
37.16660	-118.89405	0.42953915	88645.00000000	2.185788164933	0.076722036257	4.498610244427	200.000000000000	16
37.16270	-118.84260	0.57166242	89061.00000000	2.185788164933	0.076722036257	4.498610244427	200.000000000000	16
37.15625	-118.78125	0.13514666	96091.00000000	2.185788164933	0.076722036257	4.498610244427	200.000000000000	16
37.14803	-118.66720	0.14526778	129312.00000000	2.185788164933	0.076722036257	4.498610244427	200.000000000000	16
37.13268	-118.60634	0.12657779	127653.00000000	2.185788164933	0.076722036257	4.498610244427	200.000000000000	16
37.10922	-119.08459	0.34935387	71373.00000000	2.185788164933	0.076722036257	4.498610244427	200.000000000000	16
37.09659	-119.02849	0.54469428	72702.00000000	2.185788164933	0.076722036257	4.498610244427	200.000000000000	16
37.09333	-118.99667	0.05491844	82388.00000000	2.185788164933	0.076722036257	4.498610244427	200.000000000000	16
37.07275	-118.91311	0.12188186	76386.00000000	2.185788164933	0.076722036257	4.498610244427	200.000000000000	16
37.11253	-118.81828	0.07652806	93145.00000000	2.185788164933	0.076722036257	4.498610244427	200.000000000000	16
37.09457	-118.77985	0.74034973	93892.00000000	2.185788164933	0.076722036257	4.498610244427	200.000000000000	16
37.09706	-118.72189	0.38051259	103467.00000000	2.185788164933	0.076722036257	4.498610244427	200.000000000000	16
37.10144	-118.65321	0.56686615	118421.00000000	2.185788164933	0.076722036257	4.498610244427	200.000000000000	16
37.09321	-118.59440	0.93818698	119104.00000000	2.185788164933	0.076722036257	4.498610244427	200.000000000000	16
37.08616	-118.53508	0.66314786	120603.00000000	2.185788164933	0.076722036257	4.498610244427	200.000000000000	16
37.07202	-118.48108	0.17368584	127882.00000000	2.185788164933	0.076722036257	4.498610244427	200.000000000000	16
37.06125	-119.02250	0.00515078	72217.00000000	2.185788164933	0.076722036257	4.498610244427	200.000000000000	16
37.02853	-118.94539	0.15531280	69564.00000000	2.185788164933	0.076722036257	4.498610244427	200.000000000000	16
37.02637	-118.91782	0.47920270	72597.00000000	2.185788164933	0.076722036257	4.498610244427	200.000000000000	16
37.01038	-118.83473	0.03779771	80522.00000000	2.185788164933	0.076722036257	4.498610244427	200.000000000000	16
37.02913	-118.77252	0.55933143	94941.00000000	2.185788164933	0.076722036257	4.498610244427	200.000000000000	16
37.02916	-118.72293	0.82336698	97942.00000000	2.185788164933	0.076722036257	4.498610244427	200.000000000000	16
37.01769	-118.66303	0.18414760	109204.00000000	2.185788164933	0.076722036257	4.498610244427	200.000000000000	16
37.04168	-118.58831	0.58483837	112869.00000000	2.185788164933	0.076722036257	4.498610244427	200.000000000000	16
37.03175	-118.53088	0.94971641	115138.00000000	2.185788164933	0.076722036257	4.498610244427	200.000000000000	16
37.03114	-118.46886	0.96095585	123093.00000000	2.185788164933	0.076722036257	4.498610244427	200.000000000000	16
37.01909	-118.43106	0.11955529	135945.00000000	2.185788164933	0.076722036257	4.498610244427	200.000000000000	16
36.98833	-118.94042	0.03368409	66979.00000000	2.185788164933	0.076722036257	4.498610244427	200.000000000000	16
36.97255	-118.90053	0.35482517	67758.00000000	2.185788164933	0.076722036257	4.498610244427	200.000000000000	16
36.96916	-118.84537	1.10446656	74357.00000000	2.185788164933	0.076722036257	4.498610244427	200.000000000000	16
36.96637	-118.79083	0.38004085	87926.00000000	2.185788164933	0.076722036257	4.498610244427	200.000000000000	16
36.99120	-118.71605	0.26124317	96043.00000000	2.185788164933	0.076722036257	4.498610244427	200.000000000000	16
36.96749	-118.66115	0.43455269	96730.00000000	2.185788164933	0.076722036257	4.498610244427	200.000000000000	16
36.96028	-118.58808	0.63694779	105008.00000000	2.185788164933	0.076722036257	4.498610244427	200.000000000000	16
36.96674	-118.53266	0.53653741	113888.00000000	2.185788164933	0.076722036257	4.498610244427	200.000000000000	16
36.96875	-118.46875	0.96694782	121644.00000000	2.185788164933	0.076722036257	4.498610244427	200.000000000000	16
36.96403	-118.41998	0.47199828	141174.00000000	2.185788164933	0.076722036257	4.498610244427	200.000000000000	16
36.93625	-118.88833	0.01650962	71548.00000000	2.185788164933	0.076722036257	4.498610244427	200.000000000000	16
36.92617	-118.83105	0.20731587	83104.00000000	2.185788164933	0.076722036257	4.498610244427	200.000000000000	16
36.90975	-118.78110	0.25856926	83027.00000000	2.185788164933	0.076722036257	4.498610244427	200.000000000000	16
36.90131	-118.71577	0.78215288	86354.00000000	2.185788164933	0.076722036257	4.498610244427	200.000000000000	16
36.90634	-118.65608	0.96174364	96775.00000000	2.185788164933	0.076722036257	4.498610244427	200.000000000000	16
36.90625	-118.59375	0.96774117	107107.00000000	2.185788164933	0.076722036257	4.498610244427	200.000000000000	16
36.90593	-118.53130	0.95737678	115550.00000000	2.185788164933	0.076722036257	4.498610244427	200.000000000000	16
36.90675	-118.46988	0.92640814	124226.00000000	2.185788164933	0.076722036257	4.498610244427	200.000000000000	16
36.90767	-118.40461	0.82511535	131544.00000000	2.185788164933	0.076722036257	4.498610244427	200.000000000000	16
36.89174	-118.36995	0.06675771	140895.00000000	2.185788164933	0.076722036257	4.498610244427	200.000000000000	16
36.87167	-118.75083	0.00275393	86053.00000000	2.185788164933	0.076722036257	4.498610244427	200.000000000000	16
36.87167	-118.72167	0.09363375	86239.00000000	2.185788164933	0.076722036257	4.498610244427	200.000000000000	16
36.85555	-118.63983	0.29201752	102073.00000000	2.185788164933	0.076722036257	4.498610244427	200.000000000000	16
36.85550	-118.59766	0.54904173	103483.00000000	2.185788164933	0.076722036257	4.498610244427	200.000000000000	16
36.84422	-118.52914	0.89625058	110190.00000000	2.185788164933	0.076722036257	4.498610244427	200.000000000000	16
36.84375	-118.46875	0.96853338	119662.00000000	2.185788164933	0.076722036257	4.498610244427	200.000000000000	16
36.84387	-118.40898	0.62515447	131282.00000000	2.185788164933	0.076722036257	4.498610244427	200.000000000000	16
36.86102	-118.36935	0.05009154	140856.00000000	2.185788164933	0.076722036257	4.498610244427	200.000000000000	16
36.77049	-118.57231	0.20769139	107164.00000000	2.185788164933	0.076722036257	4.498610244427	200.000000000000	16
36.78073	-118.53047	0.94178916	109289.00000000	2.185788164933	0.076722036257	4.498610244427	200.000000000000	16
36.78125	-118.46875	0.96932443	117160.00000000	2.185788164933	0.076722036257	4.498610244427	200.000000000000	16
36.78080	-118.40719	0.93185964	125108.00000000	2.185788164933	0.076722036257	4.498610244427	200.000000000000	16
36.75428	-118.37037	0.01275623	134359.00000000	2.185788164933	0.076722036257	4.498610244427	200.000000000000	16
36.71335	-118.58845	0.69421878	108717.00000000	2.185788164933	0.076722036257	4.498610244427	200.000000000000	16
36.71875	-118.53125	0.97011432	114629.00000000	2.185788164933	0.076722036257	4.498610244427	200.000000000000	16
36.71875	-118.46875	0.97011432	119815.00000000	2.185788164933	0.076722036257	4.498610244427	200.000000000000	16
36.71875	-118.40625	0.82885350	125408.00000000	2.185788164933	0.076722036257	4.498610244427	200.000000000000	16
36.71882	-118.35848	0.41319282	133727.00000000	2.185788164933	0.076722036257	4.498610244427	200.000000000000	16
36.64847	-118.70089	0.09407342	122139.00000000	2.185788164933	0.076722036257	4.498610244427	200.000000000000	16
36.64632	-118.65465	0.47677396	117448.00000000	2.185788164933	0.076722036257	4.498610244427	200.000000000000	16
36.65552	-118.59281	0.93142998	115329.00000000	2.185788164933	0.076722036257	4.498610244427	200.000000000000	16
36.65625	-118.53125	0.97090307	117749.00000000	2.185788164933	0.076722036257	4.498610244427	200.000000000000	16
36.65625	-118.46875	0.40488996	125070.00000000	2.185788164933	0.076722036257	4.498610244427	200.000000000000	16
36.65625	-118.40625	0.00655658	133203.00000000	2.185788164933	0.076722036257	4.498610244427	200.000000000000	16
36.59477	-118.59304	0.22298229	124124.00000000	2.185788164933	0.076722036257	4.498610244427	200.000000000000	16
36.59375	-118.53125	0.36980929	126467.00000000	2.185788164933	0.076722036257	4.498610244427	200.000000000000	16
36.59375	-118.46875	0.00259017	129027.00000000	2.185788164933	0.076722036257	4.498610244427	200.000000000000	16
37.07460	-118.70061	0.14231346	119600.00000000	2.185788164933	0.076722036257	4.498610244427	200.000000000000	3
37.07904	-118.66207	0.33145265	118114.00000000	2.185788164933	0.076722036257	4.498610244427	200.000000000000	3
37.04332	-118.69464	0.14272158	115484.00000000	2.185788164933	0.076722036257	4.498610244427	200.000000000000	3
37.03459	-118.65472	0.77856873	108625.00000000	2.185788164933	0.076722036257	4.498610244427	200.000000000000	3
37.01526	-118.60209	0.38132563	108248.00000000	2.185788164933	0.076722036257	4.498610244427	200.000000000000	3
37.00240	-118.55266	0.01649409	114435.00000000	2.185788164933	0.076722036257	4.498610244427	200.000000000000	3
36.96833	-118.94042	0.02406639	65668.00000000	2.185788164933	0.076722036257	4.498610244427	200.000000000000	3
36.96214	-118.91023	0.33181631	66819.00000000	2.185788164933	0.076722036257	4.498610244427	200.000000000000	3
36.96625	-118.83396	0.13751874	91790.00000000	2.185788164933	0.076722036257	4.498610244427	200.000000000000	3
36.98333	-118.62982	0.08181559	103735.00000000	2.185788164933	0.076722036257	4.498610244427	200.000000000000	3
36.98509	-118.60470	0.33001847	105039.00000000	2.185788164933	0.076722036257	4.498610244427	200.000000000000	3
36.97126	-118.52949	0.43043030	114205.00000000	2.185788164933	0.076722036257	4.498610244427	200.000000000000	3
36.93625	-118.90583	0.00515926	70468.00000000	2.185788164933	0.076722036257	4.498610244427	200.000000000000	3
36.93625	-118.52667	0.01031851	131615.00000000	2.185788164933	0.076722036257	4.498610244427	200.000000000000	3
36.89507	-118.44337	0.04129743	133164.00000000	2.185788164933	0.076722036257	4.498610244427	200.000000000000	3
36.88731	-118.42832	0.10325097	131768.00000000	2.185788164933	0.076722036257	4.498610244427	200.000000000000	3
36.85019	-118.40762	0.24981782	131560.00000000	2.185788164933	0.076722036257	4.498610244427	200.000000000000	3
36.84494	-118.36878	0.03856800	140463.00000000	2.185788164933	0.076722036257	4.498610244427	200.000000000000	3
36.81125	-118.38917	0.00516771	142483.00000000	2.185788164933	0.076722036257	4.498610244427	200.000000000000	3
37.12583	-118.97250	0.00343093	84644.00000000	2.185788164933	0.076722036257	4.498610244427	200.000000000000	14
37.10318	-118.97571	0.13384765	80119.00000000	2.185788164933	0.076722036257	4.498610244427	200.000000000000	14
36.89218	-119.26944	0.12733360	9443.00000000	2.185788164933	0.076722036257	4.498610244427	200.000000000000	14
36.88783	-119.24133	0.03441634	17615.00000000	2.185788164933	0.076722036257	4.498610244427	200.000000000000	14
36.85657	-119.32203	0.11707272	895.00000000	2.185788164933	0.076722036257	4.498610244427	200.000000000000	14
36.85963	-119.29031	0.22378735	1543.00000000	2.185788164933	0.076722036257	4.498610244427	200.000000000000	14
36.87167	-119.23083	0.01376967	20878.00000000	2.185788164933	0.076722036257	4.498610244427	200.000000000000	14
