40.47734	-121.53172	0.00418375	200858.00000000	2.185788164933	0.076722036257	4.498610244427	200.000000000000	16
40.48206	-121.48417	0.02182464	197052.00000000	2.185788164933	0.076722036257	4.498610244427	200.000000000000	16
40.53855	-121.23742	0.00041816	181254.00000000	2.185788164933	0.076722036257	4.498610244427	200.000000000000	3
40.51628	-121.13526	0.01700328	189793.00000000	2.185788164933	0.076722036257	4.498610244427	200.000000000000	3
40.51269	-121.10610	0.09162559	185092.00000000	2.185788164933	0.076722036257	4.498610244427	200.000000000000	3
40.46801	-121.45389	0.12532440	192085.00000000	2.185788164933	0.076722036257	4.498610244427	200.000000000000	3
40.46875	-121.40625	0.33225219	184291.00000000	2.185788164933	0.076722036257	4.498610244427	200.000000000000	3
40.46919	-121.34447	0.19439294	181104.00000000	2.185788164933	0.076722036257	4.498610244427	200.000000000000	3
40.46917	-121.28047	0.17092040	173202.00000000	2.185788164933	0.076722036257	4.498610244427	200.000000000000	3
40.46582	-121.22387	0.14024777	171532.00000000	2.185788164933	0.076722036257	4.498610244427	200.000000000000	3
40.46296	-121.15671	0.27516393	168732.00000000	2.185788164933	0.076722036257	4.498610244427	200.000000000000	3
40.46956	-121.10492	0.23494968	175565.00000000	2.185788164933	0.076722036257	4.498610244427	200.000000000000	3
40.40846	-121.45032	0.15738800	186185.00000000	2.185788164933	0.076722036257	4.498610244427	200.000000000000	3
40.40627	-121.40627	0.39229530	177471.00000000	2.185788164933	0.076722036257	4.498610244427	200.000000000000	3
40.40593	-121.34645	0.33116358	172741.00000000	2.185788164933	0.076722036257	4.498610244427	200.000000000000	3
40.42153	-121.28131	0.19713514	168434.00000000	2.185788164933	0.076722036257	4.498610244427	200.000000000000	3
40.40439	-121.22681	0.17622460	161422.00000000	2.185788164933	0.076722036257	4.498610244427	200.000000000000	3
40.42452	-121.14506	0.10989822	162791.00000000	2.185788164933	0.076722036257	4.498610244427	200.000000000000	3
40.41777	-121.10295	0.18101242	160416.00000000	2.185788164933	0.076722036257	4.498610244427	200.000000000000	3
40.38372	-120.90306	0.04900702	174491.00000000	2.185788164933	0.076722036257	4.498610244427	200.000000000000	3
40.37583	-120.87167	0.00048876	176644.00000000	2.185788164933	0.076722036257	4.498610244427	200.000000000000	3
40.36148	-121.44958	0.05384413	183284.00000000	2.185788164933	0.076722036257	4.498610244427	200.000000000000	3
40.35865	-121.40725	0.15631903	175588.00000000	2.185788164933	0.076722036257	4.498610244427	200.000000000000	3
40.33816	-121.34700	0.19931286	160453.00000000	2.185788164933	0.076722036257	4.498610244427	200.000000000000	3
40.31542	-121.31125	0.00146759	165164.00000000	2.185788164933	0.076722036257	4.498610244427	200.000000000000	3
40.37167	-120.88000	0.00670338	175302.00000000	2.185788164933	0.076722036257	4.498610244427	200.000000000000	3
40.37167	-120.87167	0.00432925	175826.00000000	2.185788164933	0.076722036257	4.498610244427	200.000000000000	3
40.29082	-121.33739	0.18450427	153071.00000000	2.185788164933	0.076722036257	4.498610244427	200.000000000000	3
40.28502	-121.29783	0.10898937	145458.00000000	2.185788164933	0.076722036257	4.498610244427	200.000000000000	3
40.19482	-121.39287	0.05396659	153856.00000000	2.185788164933	0.076722036257	4.498610244427	200.000000000000	3
40.21247	-121.34272	0.28317520	145915.00000000	2.185788164933	0.076722036257	4.498610244427	200.000000000000	3
40.20653	-121.30326	0.05039640	143461.00000000	2.185788164933	0.076722036257	4.498610244427	200.000000000000	3
40.16070	-121.39926	0.27411514	124649.00000000	2.185788164933	0.076722036257	4.498610244427	200.000000000000	3
40.15517	-121.34567	0.36382219	118954.00000000	2.185788164933	0.076722036257	4.498610244427	200.000000000000	3
40.13496	-121.30449	0.03404996	119894.00000000	2.185788164933	0.076722036257	4.498610244427	200.000000000000	3
40.07378	-121.45735	0.07776775	86355.00000000	2.185788164933	0.076722036257	4.498610244427	200.000000000000	3
40.08882	-121.41203	0.06233350	92820.00000000	2.185788164933	0.076722036257	4.498610244427	200.000000000000	3
40.09430	-121.34368	0.36739851	109319.00000000	2.185788164933	0.076722036257	4.498610244427	200.000000000000	3
40.09831	-121.29495	0.17842463	106107.00000000	2.185788164933	0.076722036257	4.498610244427	200.000000000000	3
40.03361	-121.50731	0.04723869	75377.00000000	2.185788164933	0.076722036257	4.498610244427	200.000000000000	3
40.03085	-121.46814	0.38627309	75563.00000000	2.185788164933	0.076722036257	4.498610244427	200.000000000000	3
40.03169	-121.41093	0.26714537	78707.00000000	2.185788164933	0.076722036257	4.498610244427	200.000000000000	3
40.05006	-121.34594	0.14882675	84907.00000000	2.185788164933	0.076722036257	4.498610244427	200.000000000000	3
40.04812	-121.29561	0.08833275	96463.00000000	2.185788164933	0.076722036257	4.498610244427	200.000000000000	3
39.98977	-121.46182	0.07978434	74124.00000000	2.185788164933	0.076722036257	4.498610244427	200.000000000000	3
39.98105	-121.40513	0.15169560	74981.00000000	2.185788164933	0.076722036257	4.498610244427	200.000000000000	3
39.99113	-121.36859	0.01713315	82785.00000000	2.185788164933	0.076722036257	4.498610244427	200.000000000000	3
40.04422	-120.51422	0.04631308	195582.00000000	2.185788164933	0.076722036257	4.498610244427	200.000000000000	16
40.02756	-120.47291	0.15089099	199858.00000000	2.185788164933	0.076722036257	4.498610244427	200.000000000000	16
40.00777	-120.41507	0.05124322	209056.00000000	2.185788164933	0.076722036257	4.498610244427	200.000000000000	16
39.94510	-120.64298	0.03190172	184330.00000000	2.185788164933	0.076722036257	4.498610244427	200.000000000000	16
39.96147	-120.58664	0.02571154	193003.00000000	2.185788164933	0.076722036257	4.498610244427	200.000000000000	16
39.96845	-120.53431	0.07375324	195017.00000000	2.185788164933	0.076722036257	4.498610244427	200.000000000000	16
39.96542	-120.46875	0.23174085	203511.00000000	2.185788164933	0.076722036257	4.498610244427	200.000000000000	16
39.97102	-120.41035	0.23326965	211306.00000000	2.185788164933	0.076722036257	4.498610244427	200.000000000000	16
39.96167	-120.34669	0.15447632	222731.00000000	2.185788164933	0.076722036257	4.498610244427	200.000000000000	16
39.94042	-120.30708	0.00639473	233980.00000000	2.185788164933	0.076722036257	4.498610244427	200.000000000000	16
39.96604	-120.21585	0.09412929	222808.00000000	2.185788164933	0.076722036257	4.498610244427	200.000000000000	16
39.93276	-120.63148	0.01307248	186644.00000000	2.185788164933	0.076722036257	4.498610244427	200.000000000000	16
39.92284	-120.58890	0.13664569	193274.00000000	2.185788164933	0.076722036257	4.498610244427	200.000000000000	16
39.90941	-120.54123	0.11557293	184466.00000000	2.185788164933	0.076722036257	4.498610244427	200.000000000000	16
39.88327	-120.46490	0.05983452	178442.00000000	2.185788164933	0.076722036257	4.498610244427	200.000000000000	16
39.90919	-120.41359	0.15642568	178480.00000000	2.185788164933	0.076722036257	4.498610244427	200.000000000000	16
39.92531	-120.32944	0.04435401	221865.00000000	2.185788164933	0.076722036257	4.498610244427	200.000000000000	16
39.91069	-120.28445	0.12928767	226611.00000000	2.185788164933	0.076722036257	4.498610244427	200.000000000000	16
39.89902	-120.21736	0.21544238	203345.00000000	2.185788164933	0.076722036257	4.498610244427	200.000000000000	16
39.88788	-120.17485	0.06441774	212316.00000000	2.185788164933	0.076722036257	4.498610244427	200.000000000000	16
39.86750	-120.50083	0.00253248	168388.00000000	2.185788164933	0.076722036257	4.498610244427	200.000000000000	16
39.86543	-120.46914	0.11117128	167269.00000000	2.185788164933	0.076722036257	4.498610244427	200.000000000000	16
39.87167	-120.42792	0.01294298	176706.00000000	2.185788164933	0.076722036257	4.498610244427	200.000000000000	16
39.87167	-120.19458	0.00956655	202565.00000000	2.185788164933	0.076722036257	4.498610244427	200.000000000000	16
39.87167	-120.17567	0.00731560	203869.00000000	2.185788164933	0.076722036257	4.498610244427	200.000000000000	16
40.19042	-120.78917	0.00490100	165840.00000000	2.185788164933	0.076722036257	4.498610244427	200.000000000000	16
40.14750	-120.94458	0.01190996	155029.00000000	2.185788164933	0.076722036257	4.498610244427	200.000000000000	16
40.14231	-120.90054	0.11869253	148318.00000000	2.185788164933	0.076722036257	4.498610244427	200.000000000000	16
40.14254	-120.82722	0.05885144	149072.00000000	2.185788164933	0.076722036257	4.498610244427	200.000000000000	16
40.15439	-120.80022	0.06626650	156511.00000000	2.185788164933	0.076722036257	4.498610244427	200.000000000000	16
40.10323	-120.89569	0.15815190	142411.00000000	2.185788164933	0.076722036257	4.498610244427	200.000000000000	16
40.09763	-120.84570	0.17947670	147230.00000000	2.185788164933	0.076722036257	4.498610244427	200.000000000000	16
40.11812	-120.79807	0.00939191	155178.00000000	2.185788164933	0.076722036257	4.498610244427	200.000000000000	16
40.06903	-120.70079	0.03710237	171269.00000000	2.185788164933	0.076722036257	4.498610244427	200.000000000000	16
40.06958	-120.68208	0.01550070	173899.00000000	2.185788164933	0.076722036257	4.498610244427	200.000000000000	16
40.05373	-120.82127	0.01403105	154647.00000000	2.185788164933	0.076722036257	4.498610244427	200.000000000000	16
40.04409	-120.77995	0.08912971	157386.00000000	2.185788164933	0.076722036257	4.498610244427	200.000000000000	16
40.04818	-120.72711	0.08917686	165529.00000000	2.185788164933	0.076722036257	4.498610244427	200.000000000000	16
40.05323	-120.67058	0.01676722	173953.00000000	2.185788164933	0.076722036257	4.498610244427	200.000000000000	16
39.95183	-120.95623	0.09197383	143300.00000000	2.185788164933	0.076722036257	4.498610244427	200.000000000000	16
39.95495	-120.90787	0.20689296	143987.00000000	2.185788164933	0.076722036257	4.498610244427	200.000000000000	16
39.94697	-120.86284	0.05100908	154971.00000000	2.185788164933	0.076722036257	4.498610244427	200.000000000000	16
39.93625	-120.95292	0.00780064	154406.00000000	2.185788164933	0.076722036257	4.498610244427	200.000000000000	16
39.93338	-120.89277	0.02917449	153769.00000000	2.185788164933	0.076722036257	4.498610244427	200.000000000000	16
39.92575	-120.83683	0.05370063	156429.00000000	2.185788164933	0.076722036257	4.498610244427	200.000000000000	16
39.89071	-120.77418	0.10928187	118925.00000000	2.185788164933	0.076722036257	4.498610244427	200.000000000000	16
39.88319	-120.72390	0.07945175	118679.00000000	2.185788164933	0.076722036257	4.498610244427	200.000000000000	16
39.88102	-120.67949	0.00745527	125432.00000000	2.185788164933	0.076722036257	4.498610244427	200.000000000000	16
39.86820	-120.76141	0.03348594	114317.00000000	2.185788164933	0.076722036257	4.498610244427	200.000000000000	16
39.86304	-120.71393	0.14002043	117382.00000000	2.185788164933	0.076722036257	4.498610244427	200.000000000000	16
39.84420	-120.66993	0.13961423	124908.00000000	2.185788164933	0.076722036257	4.498610244427	200.000000000000	16
39.79131	-120.64204	0.14719429	131031.00000000	2.185788164933	0.076722036257	4.498610244427	200.000000000000	16
39.77114	-120.60644	0.15496811	137682.00000000	2.185788164933	0.076722036257	4.498610244427	200.000000000000	16
39.73402	-120.58253	0.13251693	144185.00000000	2.185788164933	0.076722036257	4.498610244427	200.000000000000	16
39.71573	-120.54130	0.14240825	148196.00000000	2.185788164933	0.076722036257	4.498610244427	200.000000000000	16
40.31542	-120.73500	0.00649912	184948.00000000	2.185788164933	0.076722036257	4.498610244427	200.000000000000	6
40.28917	-120.75083	0.00699123	179780.00000000	2.185788164933	0.076722036257	4.498610244427	200.000000000000	6
40.28528	-120.71678	0.28058518	179348.00000000	2.185788164933	0.076722036257	4.498610244427	200.000000000000	6
40.28374	-120.66538	0.20575309	206347.00000000	2.185788164933	0.076722036257	4.498610244427	200.000000000000	6
40.27250	-120.62167	0.01517486	206365.00000000	2.185788164933	0.076722036257	4.498610244427	200.000000000000	6
40.24667	-120.69042	0.00391755	208820.00000000	2.185788164933	0.076722036257	4.498610244427	200.000000000000	6
40.24667	-120.68208	0.00727545	206778.00000000	2.185788164933	0.076722036257	4.498610244427	200.000000000000	6
40.19458	-120.50083	0.00238034	217956.00000000	2.185788164933	0.076722036257	4.498610244427	200.000000000000	6
40.19614	-120.47571	0.08126402	217995.00000000	2.185788164933	0.076722036257	4.498610244427	200.000000000000	6
40.14912	-120.76086	0.08575694	161100.00000000	2.185788164933	0.076722036257	4.498610244427	200.000000000000	6
40.14050	-120.72729	0.15762052	163804.00000000	2.185788164933	0.076722036257	4.498610244427	200.000000000000	6
40.12583	-120.68625	0.00042049	179815.00000000	2.185788164933	0.076722036257	4.498610244427	200.000000000000	6
40.14952	-120.50468	0.04554996	209315.00000000	2.185788164933	0.076722036257	4.498610244427	200.000000000000	6
40.15580	-120.46974	0.38036409	209909.00000000	2.185788164933	0.076722036257	4.498610244427	200.000000000000	6
40.14136	-120.42730	0.06655468	217161.00000000	2.185788164933	0.076722036257	4.498610244427	200.000000000000	6
40.08959	-120.77308	0.13294570	155913.00000000	2.185788164933	0.076722036257	4.498610244427	200.000000000000	6
40.10317	-120.71586	0.26571708	163842.00000000	2.185788164933	0.076722036257	4.498610244427	200.000000000000	6
40.09810	-120.67923	0.06827887	175033.00000000	2.185788164933	0.076722036257	4.498610244427	200.000000000000	6
40.08271	-120.51953	0.17321550	193537.00000000	2.185788164933	0.076722036257	4.498610244427	200.000000000000	6
40.09306	-120.46935	0.38484240	201092.00000000	2.185788164933	0.076722036257	4.498610244427	200.000000000000	6
40.08572	-120.41001	0.27940760	211545.00000000	2.185788164933	0.076722036257	4.498610244427	200.000000000000	6
40.08600	-120.34130	0.28237882	225594.00000000	2.185788164933	0.076722036257	4.498610244427	200.000000000000	6
40.08512	-120.28460	0.26110680	234859.00000000	2.185788164933	0.076722036257	4.498610244427	200.000000000000	6
40.07299	-120.23543	0.05982255	243292.00000000	2.185788164933	0.076722036257	4.498610244427	200.000000000000	6
40.06125	-120.80167	0.00420885	157092.00000000	2.185788164933	0.076722036257	4.498610244427	200.000000000000	6
40.01653	-120.64189	0.11539569	177676.00000000	2.185788164933	0.076722036257	4.498610244427	200.000000000000	6
40.02138	-120.58795	0.23021352	184701.00000000	2.185788164933	0.076722036257	4.498610244427	200.000000000000	6
40.02928	-120.53333	0.34568033	191399.00000000	2.185788164933	0.076722036257	4.498610244427	200.000000000000	6
40.03353	-120.46617	0.24388599	200175.00000000	2.185788164933	0.076722036257	4.498610244427	200.000000000000	6
40.03475	-120.40493	0.34353793	208870.00000000	2.185788164933	0.076722036257	4.498610244427	200.000000000000	6
40.03125	-120.34375	0.39475320	217643.00000000	2.185788164933	0.076722036257	4.498610244427	200.000000000000	6
40.03125	-120.28125	0.39475320	232391.00000000	2.185788164933	0.076722036257	4.498610244427	200.000000000000	6
40.02863	-120.22550	0.29703847	231449.00000000	2.185788164933	0.076722036257	4.498610244427	200.000000000000	6
40.00500	-120.18208	0.00835439	234248.00000000	2.185788164933	0.076722036257	4.498610244427	200.000000000000	6
39.98397	-120.64378	0.11910716	178545.00000000	2.185788164933	0.076722036257	4.498610244427	200.000000000000	6
39.97675	-120.58983	0.25349720	191546.00000000	2.185788164933	0.076722036257	4.498610244427	200.000000000000	6
39.97067	-120.53026	0.30170385	189007.00000000	2.185788164933	0.076722036257	4.498610244427	200.000000000000	6
39.97348	-120.46875	0.16336661	188892.00000000	2.185788164933	0.076722036257	4.498610244427	200.000000000000	6
39.96547	-120.40034	0.16184353	211661.00000000	2.185788164933	0.076722036257	4.498610244427	200.000000000000	6
39.97329	-120.34186	0.24066599	220395.00000000	2.185788164933	0.076722036257	4.498610244427	200.000000000000	6
39.96922	-120.28083	0.38873445	228163.00000000	2.185788164933	0.076722036257	4.498610244427	200.000000000000	6
39.97385	-120.22556	0.23993270	224112.00000000	2.185788164933	0.076722036257	4.498610244427	200.000000000000	6
39.99117	-120.18256	0.01853711	229752.00000000	2.185788164933	0.076722036257	4.498610244427	200.000000000000	6
39.88350	-121.08758	0.08818737	86129.00000000	2.185788164933	0.076722036257	4.498610244427	200.000000000000	6
39.88407	-121.04528	0.04993010	88513.00000000	2.185788164933	0.076722036257	4.498610244427	200.000000000000	6
39.89467	-120.96906	0.22992884	93737.00000000	2.185788164933	0.076722036257	4.498610244427	200.000000000000	6
39.88815	-120.91530	0.12137418	94306.00000000	2.185788164933	0.076722036257	4.498610244427	200.000000000000	6
39.93625	-120.56958	0.00358408	193827.00000000	2.185788164933	0.076722036257	4.498610244427	200.000000000000	6
39.93361	-120.51976	0.01019075	186438.00000000	2.185788164933	0.076722036257	4.498610244427	200.000000000000	6
39.91312	-120.46555	0.28500916	180624.00000000	2.185788164933	0.076722036257	4.498610244427	200.000000000000	6
39.90450	-120.40142	0.23764086	184286.00000000	2.185788164933	0.076722036257	4.498610244427	200.000000000000	6
39.90384	-120.34556	0.35110795	183679.00000000	2.185788164933	0.076722036257	4.498610244427	200.000000000000	6
39.90409	-120.27970	0.26617400	205288.00000000	2.185788164933	0.076722036257	4.498610244427	200.000000000000	6
39.91020	-120.23859	0.09560895	203166.00000000	2.185788164933	0.076722036257	4.498610244427	200.000000000000	6
39.82977	-121.31958	0.04427068	54071.00000000	2.185788164933	0.076722036257	4.498610244427	200.000000000000	6
39.84176	-121.28581	0.18375541	63081.00000000	2.185788164933	0.076722036257	4.498610244427	200.000000000000	6
39.82913	-121.22274	0.14420712	64494.00000000	2.185788164933	0.076722036257	4.498610244427	200.000000000000	6
39.83831	-121.15490	0.27902983	67581.00000000	2.185788164933	0.076722036257	4.498610244427	200.000000000000	6
39.84548	-121.08969	0.17748306	70537.00000000	2.185788164933	0.076722036257	4.498610244427	200.000000000000	6
39.85489	-121.03552	0.21458720	78082.00000000	2.185788164933	0.076722036257	4.498610244427	200.000000000000	6
39.86550	-120.97211	0.11468323	87774.00000000	2.185788164933	0.076722036257	4.498610244427	200.000000000000	6
39.86789	-120.91166	0.06008139	93760.00000000	2.185788164933	0.076722036257	4.498610244427	200.000000000000	6
39.86157	-120.39686	0.06725843	174830.00000000	2.185788164933	0.076722036257	4.498610244427	200.000000000000	6
39.86239	-120.34017	0.14213123	181403.00000000	2.185788164933	0.076722036257	4.498610244427	200.000000000000	6
39.86421	-120.28419	0.13086389	186800.00000000	2.185788164933	0.076722036257	4.498610244427	200.000000000000	6
39.86869	-120.23119	0.03545641	200868.00000000	2.185788164933	0.076722036257	4.498610244427	200.000000000000	6
39.80812	-121.31717	0.00851954	53793.00000000	2.185788164933	0.076722036257	4.498610244427	200.000000000000	6
39.80294	-121.28488	0.04358570	53352.00000000	2.185788164933	0.076722036257	4.498610244427	200.000000000000	6
39.79479	-121.21362	0.16626628	58808.00000000	2.185788164933	0.076722036257	4.498610244427	200.000000000000	6
39.80400	-121.16192	0.07500720	62087.00000000	2.185788164933	0.076722036257	4.498610244427	200.000000000000	6
39.80708	-121.11333	0.02562868	68948.00000000	2.185788164933	0.076722036257	4.498610244427	200.000000000000	6
40.19042	-121.16417	0.02450501	128632.00000000	2.185788164933	0.076722036257	4.498610244427	200.000000000000	6
40.19796	-121.01495	0.06398342	167020.00000000	2.185788164933	0.076722036257	4.498610244427	200.000000000000	6
40.19489	-120.97548	0.07734082	160107.00000000	2.185788164933	0.076722036257	4.498610244427	200.000000000000	6
40.19168	-120.90800	0.02485511	160462.00000000	2.185788164933	0.076722036257	4.498610244427	200.000000000000	6
40.21048	-120.83963	0.27331758	165229.00000000	2.185788164933	0.076722036257	4.498610244427	200.000000000000	6
40.20267	-120.79653	0.08966016	166025.00000000	2.185788164933	0.076722036257	4.498610244427	200.000000000000	6
40.15248	-121.21019	0.24055688	113800.00000000	2.185788164933	0.076722036257	4.498610244427	200.000000000000	6
40.15708	-121.15455	0.35025970	116593.00000000	2.185788164933	0.076722036257	4.498610244427	200.000000000000	6
40.15092	-121.09624	0.31942176	119341.00000000	2.185788164933	0.076722036257	4.498610244427	200.000000000000	6
40.15454	-121.02983	0.36860559	124601.00000000	2.185788164933	0.076722036257	4.498610244427	200.000000000000	6
40.16412	-120.97136	0.28471921	155700.00000000	2.185788164933	0.076722036257	4.498610244427	200.000000000000	6
40.16920	-120.90667	0.21536446	149890.00000000	2.185788164933	0.076722036257	4.498610244427	200.000000000000	6
40.15866	-120.84665	0.33518621	149814.00000000	2.185788164933	0.076722036257	4.498610244427	200.000000000000	6
40.15522	-120.78794	0.26960712	156610.00000000	2.185788164933	0.076722036257	4.498610244427	200.000000000000	6
40.10159	-121.20558	0.18762634	105615.00000000	2.185788164933	0.076722036257	4.498610244427	200.000000000000	6
40.09381	-121.15595	0.38239858	107366.00000000	2.185788164933	0.076722036257	4.498610244427	200.000000000000	6
40.09436	-121.09427	0.38605088	114812.00000000	2.185788164933	0.076722036257	4.498610244427	200.000000000000	6
40.10007	-121.03089	0.29613911	122396.00000000	2.185788164933	0.076722036257	4.498610244427	200.000000000000	6
40.09359	-120.99068	0.04487254	132156.00000000	2.185788164933	0.076722036257	4.498610244427	200.000000000000	6
40.09920	-120.83402	0.14506419	149123.00000000	2.185788164933	0.076722036257	4.498610244427	200.000000000000	6
40.09504	-120.78493	0.25204779	154603.00000000	2.185788164933	0.076722036257	4.498610244427	200.000000000000	6
40.07642	-120.73442	0.09158891	167463.00000000	2.185788164933	0.076722036257	4.498610244427	200.000000000000	6
40.05750	-121.15056	0.04252091	107583.00000000	2.185788164933	0.076722036257	4.498610244427	200.000000000000	6
40.05600	-121.10644	0.04588944	114458.00000000	2.185788164933	0.076722036257	4.498610244427	200.000000000000	6
40.05812	-120.81717	0.00848848	154724.00000000	2.185788164933	0.076722036257	4.498610244427	200.000000000000	6
40.05681	-120.77991	0.06417470	156738.00000000	2.185788164933	0.076722036257	4.498610244427	200.000000000000	6
40.05793	-120.73927	0.02062647	166082.00000000	2.185788164933	0.076722036257	4.498610244427	200.000000000000	6
40.07792	-121.25083	0.00518964	105382.00000000	2.185788164933	0.076722036257	4.498610244427	200.000000000000	6
40.07587	-121.22657	0.13778885	103717.00000000	2.185788164933	0.076722036257	4.498610244427	200.000000000000	6
40.06542	-121.18208	0.00638303	106264.00000000	2.185788164933	0.076722036257	4.498610244427	200.000000000000	6
40.06125	-121.25083	0.00042088	105158.00000000	2.185788164933	0.076722036257	4.498610244427	200.000000000000	6
40.04353	-121.20921	0.18562167	98834.00000000	2.185788164933	0.076722036257	4.498610244427	200.000000000000	6
40.02662	-121.16025	0.28092851	102259.00000000	2.185788164933	0.076722036257	4.498610244427	200.000000000000	6
40.00669	-121.11661	0.02358560	112182.00000000	2.185788164933	0.076722036257	4.498610244427	200.000000000000	6
39.99590	-121.13332	0.01376243	109766.00000000	2.185788164933	0.076722036257	4.498610244427	200.000000000000	6
39.98211	-121.10273	0.11826912	116742.00000000	2.185788164933	0.076722036257	4.498610244427	200.000000000000	6
39.87583	-121.27667	0.00844056	76917.00000000	2.185788164933	0.076722036257	4.498610244427	200.000000000000	6
39.86630	-121.27411	0.08582914	71454.00000000	2.185788164933	0.076722036257	4.498610244427	200.000000000000	6
39.85003	-121.21425	0.18577172	68952.00000000	2.185788164933	0.076722036257	4.498610244427	200.000000000000	6
39.83863	-121.17919	0.04363009	69933.00000000	2.185788164933	0.076722036257	4.498610244427	200.000000000000	6
39.83887	-120.96459	0.19564709	85652.00000000	2.185788164933	0.076722036257	4.498610244427	200.000000000000	6
39.82936	-120.91934	0.08375205	93181.00000000	2.185788164933	0.076722036257	4.498610244427	200.000000000000	6
39.79681	-120.95524	0.06830689	86400.00000000	2.185788164933	0.076722036257	4.498610244427	200.000000000000	6
39.80282	-120.92942	0.02534881	91676.00000000	2.185788164933	0.076722036257	4.498610244427	200.000000000000	6
39.63557	-121.07235	0.04192594	56713.00000000	2.185788164933	0.076722036257	4.498610244427	200.000000000000	6
39.63417	-121.06125	0.00444662	59701.00000000	2.185788164933	0.076722036257	4.498610244427	200.000000000000	6
39.59580	-121.07993	0.07047247	52795.00000000	2.185788164933	0.076722036257	4.498610244427	200.000000000000	6
39.81783	-120.95282	0.03512468	86863.00000000	2.185788164933	0.076722036257	4.498610244427	200.000000000000	3
39.82152	-120.89780	0.07565897	91756.00000000	2.185788164933	0.076722036257	4.498610244427	200.000000000000	3
39.83320	-120.83816	0.08629032	102682.00000000	2.185788164933	0.076722036257	4.498610244427	200.000000000000	3
39.82894	-120.78857	0.16961190	111106.00000000	2.185788164933	0.076722036257	4.498610244427	200.000000000000	3
39.76193	-121.09148	0.10173272	63586.00000000	2.185788164933	0.076722036257	4.498610244427	200.000000000000	3
39.76000	-121.02759	0.10848433	71364.00000000	2.185788164933	0.076722036257	4.498610244427	200.000000000000	3
39.77204	-120.96443	0.22407343	77000.00000000	2.185788164933	0.076722036257	4.498610244427	200.000000000000	3
39.77977	-120.90467	0.31428819	83264.00000000	2.185788164933	0.076722036257	4.498610244427	200.000000000000	3
39.77742	-120.84762	0.26638928	91544.00000000	2.185788164933	0.076722036257	4.498610244427	200.000000000000	3
39.78046	-120.77910	0.35570670	112656.00000000	2.185788164933	0.076722036257	4.498610244427	200.000000000000	3
39.77428	-120.72483	0.27327674	121003.00000000	2.185788164933	0.076722036257	4.498610244427	200.000000000000	3
39.75858	-120.68160	0.01803746	137781.00000000	2.185788164933	0.076722036257	4.498610244427	200.000000000000	3
39.71417	-121.12583	0.00141007	60441.00000000	2.185788164933	0.076722036257	4.498610244427	200.000000000000	3
39.72649	-121.08800	0.19427843	60626.00000000	2.185788164933	0.076722036257	4.498610244427	200.000000000000	3
39.72154	-121.03161	0.34642899	65282.00000000	2.185788164933	0.076722036257	4.498610244427	200.000000000000	3
39.71925	-120.96731	0.22375898	74549.00000000	2.185788164933	0.076722036257	4.498610244427	200.000000000000	3
39.72194	-120.90154	0.01212121	82535.00000000	2.185788164933	0.076722036257	4.498610244427	200.000000000000	3
39.71875	-120.84375	0.01233442	119824.00000000	2.185788164933	0.076722036257	4.498610244427	200.000000000000	3
39.72171	-120.78368	0.20738795	120540.00000000	2.185788164933	0.076722036257	4.498610244427	200.000000000000	3
39.73209	-120.72699	0.16516274	124276.00000000	2.185788164933	0.076722036257	4.498610244427	200.000000000000	3
39.74667	-120.68208	0.00732891	144122.00000000	2.185788164933	0.076722036257	4.498610244427	200.000000000000	3
39.68625	-121.04750	0.00211596	65783.00000000	2.185788164933	0.076722036257	4.498610244427	200.000000000000	3
39.82525	-121.56906	0.02738240	43509.00000000	2.185788164933	0.076722036257	4.498610244427	200.000000000000	9
39.82241	-121.53685	0.11155388	44551.00000000	2.185788164933	0.076722036257	4.498610244427	200.000000000000	9
39.81542	-121.47875	0.01724798	44980.00000000	2.185788164933	0.076722036257	4.498610244427	200.000000000000	9
39.83440	-121.38387	0.07354890	54889.00000000	2.185788164933	0.076722036257	4.498610244427	200.000000000000	9
39.83509	-121.34848	0.22843996	52042.00000000	2.185788164933	0.076722036257	4.498610244427	200.000000000000	9
39.82542	-121.27558	0.10868105	62394.00000000	2.185788164933	0.076722036257	4.498610244427	200.000000000000	9
39.82082	-121.24349	0.01661314	64718.00000000	2.185788164933	0.076722036257	4.498610244427	200.000000000000	9
39.80708	-121.56542	0.00640717	41611.00000000	2.185788164933	0.076722036257	4.498610244427	200.000000000000	9
39.78542	-121.52604	0.30845282	35507.00000000	2.185788164933	0.076722036257	4.498610244427	200.000000000000	9
39.78128	-121.46860	0.37788200	39173.00000000	2.185788164933	0.076722036257	4.498610244427	200.000000000000	9
39.78332	-121.40745	0.34939949	38601.00000000	2.185788164933	0.076722036257	4.498610244427	200.000000000000	9
39.79911	-121.35694	0.08267638	45516.00000000	2.185788164933	0.076722036257	4.498610244427	200.000000000000	9
39.78190	-121.27328	0.25779053	50809.00000000	2.185788164933	0.076722036257	4.498610244427	200.000000000000	9
39.77220	-121.22501	0.21274002	54111.00000000	2.185788164933	0.076722036257	4.498610244427	200.000000000000	9
39.75083	-121.10583	0.00422796	63455.00000000	2.185788164933	0.076722036257	4.498610244427	200.000000000000	9
39.74495	-121.51674	0.03072921	34482.00000000	2.185788164933	0.076722036257	4.498610244427	200.000000000000	9
39.72055	-121.45718	0.21990024	22006.00000000	2.185788164933	0.076722036257	4.498610244427	200.000000000000	9
39.71022	-121.41687	0.19168809	26962.00000000	2.185788164933	0.076722036257	4.498610244427	200.000000000000	9
39.69534	-121.33439	0.07508864	34539.00000000	2.185788164933	0.076722036257	4.498610244427	200.000000000000	9
39.71682	-121.28295	0.21341245	38388.00000000	2.185788164933	0.076722036257	4.498610244427	200.000000000000	9
39.73824	-121.21158	0.08831840	45201.00000000	2.185788164933	0.076722036257	4.498610244427	200.000000000000	9
39.71015	-121.14637	0.15306116	47901.00000000	2.185788164933	0.076722036257	4.498610244427	200.000000000000	9
39.71092	-121.09830	0.19381047	58732.00000000	2.185788164933	0.076722036257	4.498610244427	200.000000000000	9
39.69508	-121.03671	0.02926635	64464.00000000	2.185788164933	0.076722036257	4.498610244427	200.000000000000	9
39.65021	-121.46538	0.20895721	12910.00000000	2.185788164933	0.076722036257	4.498610244427	200.000000000000	9
39.67441	-121.41199	0.09911688	25565.00000000	2.185788164933	0.076722036257	4.498610244427	200.000000000000	9
39.68483	-121.35107	0.02151912	35318.00000000	2.185788164933	0.076722036257	4.498610244427	200.000000000000	9
39.65199	-121.26416	0.08348190	31584.00000000	2.185788164933	0.076722036257	4.498610244427	200.000000000000	9
39.63809	-121.22031	0.15886547	34038.00000000	2.185788164933	0.076722036257	4.498610244427	200.000000000000	9
39.66270	-121.15585	0.15869773	46374.00000000	2.185788164933	0.076722036257	4.498610244427	200.000000000000	9
39.66609	-121.09617	0.16207374	52035.00000000	2.185788164933	0.076722036257	4.498610244427	200.000000000000	9
39.66510	-121.01549	0.06391091	63955.00000000	2.185788164933	0.076722036257	4.498610244427	200.000000000000	9
39.62167	-121.46000	0.01129568	13082.00000000	2.185788164933	0.076722036257	4.498610244427	200.000000000000	9
39.61315	-121.25409	0.01949122	32734.00000000	2.185788164933	0.076722036257	4.498610244427	200.000000000000	9
39.59455	-121.21764	0.38203450	33691.00000000	2.185788164933	0.076722036257	4.498610244427	200.000000000000	9
39.59449	-121.16165	0.31503398	40418.00000000	2.185788164933	0.076722036257	4.498610244427	200.000000000000	9
39.62167	-121.12167	0.00451827	51773.00000000	2.185788164933	0.076722036257	4.498610244427	200.000000000000	9
39.55205	-121.25538	0.01554721	29917.00000000	2.185788164933	0.076722036257	4.498610244427	200.000000000000	9
39.53833	-121.21099	0.20844982	31730.00000000	2.185788164933	0.076722036257	4.498610244427	200.000000000000	9
39.53673	-121.16418	0.17500355	40057.00000000	2.185788164933	0.076722036257	4.498610244427	200.000000000000	9
40.06542	-120.91000	0.02946014	139404.00000000	2.185788164933	0.076722036257	4.498610244427	200.000000000000	3
40.03746	-120.89967	0.26836460	138825.00000000	2.185788164933	0.076722036257	4.498610244427	200.000000000000	3
40.02340	-120.84725	0.28000898	150030.00000000	2.185788164933	0.076722036257	4.498610244427	200.000000000000	3
40.01879	-120.78147	0.23512093	159099.00000000	2.185788164933	0.076722036257	4.498610244427	200.000000000000	3
40.02346	-120.71507	0.28002958	166162.00000000	2.185788164933	0.076722036257	4.498610244427	200.000000000000	3
40.01990	-120.67469	0.10850288	173822.00000000	2.185788164933	0.076722036257	4.498610244427	200.000000000000	3
39.99667	-120.87583	0.00112342	151654.00000000	2.185788164933	0.076722036257	4.498610244427	200.000000000000	3
39.98551	-120.83229	0.12502632	151839.00000000	2.185788164933	0.076722036257	4.498610244427	200.000000000000	3
39.97367	-120.77818	0.32270648	164428.00000000	2.185788164933	0.076722036257	4.498610244427	200.000000000000	3
39.96875	-120.71875	0.39511469	171051.00000000	2.185788164933	0.076722036257	4.498610244427	200.000000000000	3
39.96441	-120.66407	0.24408731	175714.00000000	2.185788164933	0.076722036257	4.498610244427	200.000000000000	3
39.95286	-120.60389	0.11592839	188836.00000000	2.185788164933	0.076722036257	4.498610244427	200.000000000000	3
39.93499	-120.75723	0.00604404	171350.00000000	2.185788164933	0.076722036257	4.498610244427	200.000000000000	3
39.91968	-120.71083	0.18665546	124643.00000000	2.185788164933	0.076722036257	4.498610244427	200.000000000000	3
39.90583	-120.65665	0.37495584	125748.00000000	2.185788164933	0.076722036257	4.498610244427	200.000000000000	3
39.89695	-120.59669	0.25521816	132887.00000000	2.185788164933	0.076722036257	4.498610244427	200.000000000000	3
39.88636	-120.54248	0.09817001	187243.00000000	2.185788164933	0.076722036257	4.498610244427	200.000000000000	3
39.84710	-120.64335	0.21745536	125787.00000000	2.185788164933	0.076722036257	4.498610244427	200.000000000000	3
39.84375	-120.59375	0.39583625	132926.00000000	2.185788164933	0.076722036257	4.498610244427	200.000000000000	3
39.84319	-120.53969	0.27786469	157570.00000000	2.185788164933	0.076722036257	4.498610244427	200.000000000000	3
39.82327	-120.46542	0.09465919	161820.00000000	2.185788164933	0.076722036257	4.498610244427	200.000000000000	3
39.81989	-120.43374	0.01062911	168720.00000000	2.185788164933	0.076722036257	4.498610244427	200.000000000000	3
39.79883	-120.63983	0.00746439	134109.00000000	2.185788164933	0.076722036257	4.498610244427	200.000000000000	3
39.78892	-120.58438	0.23308397	139510.00000000	2.185788164933	0.076722036257	4.498610244427	200.000000000000	3
39.78125	-120.53125	0.39619633	148289.00000000	2.185788164933	0.076722036257	4.498610244427	200.000000000000	3
39.78125	-120.46875	0.39619633	158365.00000000	2.185788164933	0.076722036257	4.498610244427	200.000000000000	3
39.77949	-120.41639	0.25038750	168506.00000000	2.185788164933	0.076722036257	4.498610244427	200.000000000000	3
39.71287	-120.70213	0.12811622	142278.00000000	2.185788164933	0.076722036257	4.498610244427	200.000000000000	3
39.71535	-120.65714	0.35142996	142734.00000000	2.185788164933	0.076722036257	4.498610244427	200.000000000000	3
39.70894	-120.59965	0.22427823	147094.00000000	2.185788164933	0.076722036257	4.498610244427	200.000000000000	3
39.72141	-120.52731	0.20544591	148120.00000000	2.185788164933	0.076722036257	4.498610244427	200.000000000000	3
39.72745	-120.46229	0.19641015	157800.00000000	2.185788164933	0.076722036257	4.498610244427	200.000000000000	3
39.72692	-120.41395	0.15817824	182433.00000000	2.185788164933	0.076722036257	4.498610244427	200.000000000000	3
39.67494	-120.69591	0.00063480	155090.00000000	2.185788164933	0.076722036257	4.498610244427	200.000000000000	3
39.65738	-120.65405	0.15133577	153812.00000000	2.185788164933	0.076722036257	4.498610244427	200.000000000000	3
39.66092	-120.59750	0.03273182	154297.00000000	2.185788164933	0.076722036257	4.498610244427	200.000000000000	3
39.67477	-120.53452	0.08592747	154383.00000000	2.185788164933	0.076722036257	4.498610244427	200.000000000000	3
39.67116	-120.48677	0.05742541	158417.00000000	2.185788164933	0.076722036257	4.498610244427	200.000000000000	3
40.31542	-120.75583	0.00489196	184532.00000000	2.185788164933	0.076722036257	4.498610244427	200.000000000000	1
40.28992	-120.76404	0.09704376	177549.00000000	2.185788164933	0.076722036257	4.498610244427	200.000000000000	1
40.25985	-120.72583	0.07553332	177172.00000000	2.185788164933	0.076722036257	4.498610244427	200.000000000000	1
40.26306	-120.64698	0.11496860	204336.00000000	2.185788164933	0.076722036257	4.498610244427	200.000000000000	1
40.26768	-120.59409	0.18600640	203997.00000000	2.185788164933	0.076722036257	4.498610244427	200.000000000000	1
40.25531	-120.55157	0.01888254	206643.00000000	2.185788164933	0.076722036257	4.498610244427	200.000000000000	1
40.22372	-120.78711	0.12974318	168124.00000000	2.185788164933	0.076722036257	4.498610244427	200.000000000000	1
40.21564	-120.71508	0.32929198	171640.00000000	2.185788164933	0.076722036257	4.498610244427	200.000000000000	1
40.21982	-120.65747	0.35557133	196775.00000000	2.185788164933	0.076722036257	4.498610244427	200.000000000000	1
40.22355	-120.59161	0.32509192	196474.00000000	2.185788164933	0.076722036257	4.498610244427	200.000000000000	1
40.21748	-120.53242	0.36991586	199609.00000000	2.185788164933	0.076722036257	4.498610244427	200.000000000000	1
40.21833	-120.49378	0.03575976	220078.00000000	2.185788164933	0.076722036257	4.498610244427	200.000000000000	1
40.17840	-120.76137	0.04243667	166140.00000000	2.185788164933	0.076722036257	4.498610244427	200.000000000000	1
40.16675	-120.71306	0.23641936	167166.00000000	2.185788164933	0.076722036257	4.498610244427	200.000000000000	1
40.15774	-120.65962	0.34709456	180038.00000000	2.185788164933	0.076722036257	4.498610244427	200.000000000000	1
40.14956	-120.59023	0.26333659	187379.00000000	2.185788164933	0.076722036257	4.498610244427	200.000000000000	1
40.15699	-120.53456	0.34638662	199440.00000000	2.185788164933	0.076722036257	4.498610244427	200.000000000000	1
40.15724	-120.44178	0.00728505	215278.00000000	2.185788164933	0.076722036257	4.498610244427	200.000000000000	1
40.14645	-120.41067	0.09365010	217122.00000000	2.185788164933	0.076722036257	4.498610244427	200.000000000000	1
40.12583	-120.36333	0.00308356	225895.00000000	2.185788164933	0.076722036257	4.498610244427	200.000000000000	1
40.09686	-120.65211	0.11457342	176631.00000000	2.185788164933	0.076722036257	4.498610244427	200.000000000000	1
40.09313	-120.59302	0.38430278	182125.00000000	2.185788164933	0.076722036257	4.498610244427	200.000000000000	1
40.10240	-120.54042	0.22118355	192441.00000000	2.185788164933	0.076722036257	4.498610244427	200.000000000000	1
40.12167	-120.44458	0.00953159	214978.00000000	2.185788164933	0.076722036257	4.498610244427	200.000000000000	1
40.11325	-120.39712	0.11497552	217106.00000000	2.185788164933	0.076722036257	4.498610244427	200.000000000000	1
40.11150	-120.35587	0.08284282	225032.00000000	2.185788164933	0.076722036257	4.498610244427	200.000000000000	1
40.10306	-120.27806	0.02082086	239240.00000000	2.185788164933	0.076722036257	4.498610244427	200.000000000000	1
40.04787	-120.63395	0.01585644	180556.00000000	2.185788164933	0.076722036257	4.498610244427	200.000000000000	1
40.04552	-120.59718	0.12666642	182256.00000000	2.185788164933	0.076722036257	4.498610244427	200.000000000000	1
40.06125	-120.55708	0.00273575	192086.00000000	2.185788164933	0.076722036257	4.498610244427	200.000000000000	1
39.94848	-121.25432	0.01714490	84785.00000000	2.185788164933	0.076722036257	4.498610244427	200.000000000000	1
39.96164	-121.21758	0.29609247	86028.00000000	2.185788164933	0.076722036257	4.498610244427	200.000000000000	1
39.95160	-121.16778	0.12370005	98543.00000000	2.185788164933	0.076722036257	4.498610244427	200.000000000000	1
39.90646	-121.25680	0.02924924	82810.00000000	2.185788164933	0.076722036257	4.498610244427	200.000000000000	1
39.90860	-121.21766	0.31772345	84679.00000000	2.185788164933	0.076722036257	4.498610244427	200.000000000000	1
39.90863	-121.15408	0.35216175	88689.00000000	2.185788164933	0.076722036257	4.498610244427	200.000000000000	1
39.89804	-121.11936	0.05033555	87292.00000000	2.185788164933	0.076722036257	4.498610244427	200.000000000000	1
39.88417	-120.51000	0.03094459	184690.00000000	2.185788164933	0.076722036257	4.498610244427	200.000000000000	1
39.87009	-121.20507	0.03348772	88591.00000000	2.185788164933	0.076722036257	4.498610244427	200.000000000000	1
39.86753	-121.14771	0.07317901	74122.00000000	2.185788164933	0.076722036257	4.498610244427	200.000000000000	1
39.86105	-121.10449	0.08469571	82926.00000000	2.185788164933	0.076722036257	4.498610244427	200.000000000000	1
39.84457	-120.51159	0.11540889	160865.00000000	2.185788164933	0.076722036257	4.498610244427	200.000000000000	1
39.84024	-120.47181	0.18015502	163549.00000000	2.185788164933	0.076722036257	4.498610244427	200.000000000000	1
39.84333	-120.43625	0.00422228	170525.00000000	2.185788164933	0.076722036257	4.498610244427	200.000000000000	1
40.25928	-120.76419	0.04224207	175983.00000000	2.185788164933	0.076722036257	4.498610244427	200.000000000000	3
40.25428	-120.74537	0.00811375	176060.00000000	2.185788164933	0.076722036257	4.498610244427	200.000000000000	3
40.22327	-120.76671	0.16208085	167799.00000000	2.185788164933	0.076722036257	4.498610244427	200.000000000000	3
40.23386	-120.74057	0.06044912	171787.00000000	2.185788164933	0.076722036257	4.498610244427	200.000000000000	3
40.19977	-120.63606	0.03080112	197516.00000000	2.185788164933	0.076722036257	4.498610244427	200.000000000000	3
40.19692	-120.60498	0.05880665	194854.00000000	2.185788164933	0.076722036257	4.498610244427	200.000000000000	3
40.14541	-120.63080	0.04651986	185349.00000000	2.185788164933	0.076722036257	4.498610244427	200.000000000000	3
40.16849	-120.60164	0.11947791	186059.00000000	2.185788164933	0.076722036257	4.498610244427	200.000000000000	3
40.18083	-120.56125	0.00210073	199401.00000000	2.185788164933	0.076722036257	4.498610244427	200.000000000000	3
40.09233	-120.64862	0.19603147	175180.00000000	2.185788164933	0.076722036257	4.498610244427	200.000000000000	3
40.11750	-120.62167	0.01009289	185442.00000000	2.185788164933	0.076722036257	4.498610244427	200.000000000000	3
40.00083	-121.41833	0.00280839	78876.00000000	2.185788164933	0.076722036257	4.498610244427	200.000000000000	3
40.00083	-121.31542	0.00098293	92538.00000000	2.185788164933	0.076722036257	4.498610244427	200.000000000000	3
40.00083	-121.30708	0.00182545	91334.00000000	2.185788164933	0.076722036257	4.498610244427	200.000000000000	3
40.05583	-120.69042	0.00491071	173020.00000000	2.185788164933	0.076722036257	4.498610244427	200.000000000000	3
40.04787	-120.65458	0.13822750	173745.00000000	2.185788164933	0.076722036257	4.498610244427	200.000000000000	3
40.04349	-120.61750	0.03788951	182333.00000000	2.185788164933	0.076722036257	4.498610244427	200.000000000000	3
39.95935	-121.45036	0.12498961	69225.00000000	2.185788164933	0.076722036257	4.498610244427	200.000000000000	3
39.96108	-121.40695	0.24339581	69657.00000000	2.185788164933	0.076722036257	4.498610244427	200.000000000000	3
39.96214	-121.34294	0.30917297	76582.00000000	2.185788164933	0.076722036257	4.498610244427	200.000000000000	3
39.96484	-121.28462	0.31362242	78899.00000000	2.185788164933	0.076722036257	4.498610244427	200.000000000000	3
39.96833	-121.24667	0.01123889	88419.00000000	2.185788164933	0.076722036257	4.498610244427	200.000000000000	3
39.90345	-121.45756	0.24714934	59686.00000000	2.185788164933	0.076722036257	4.498610244427	200.000000000000	3
39.90625	-121.40625	0.39547570	63553.00000000	2.185788164933	0.076722036257	4.498610244427	200.000000000000	3
39.90625	-121.34375	0.39547570	67241.00000000	2.185788164933	0.076722036257	4.498610244427	200.000000000000	3
39.90695	-121.28336	0.35776937	75837.00000000	2.185788164933	0.076722036257	4.498610244427	200.000000000000	3
39.89983	-121.24049	0.04893812	84980.00000000	2.185788164933	0.076722036257	4.498610244427	200.000000000000	3
39.85016	-121.45798	0.22349943	55161.00000000	2.185788164933	0.076722036257	4.498610244427	200.000000000000	3
39.84588	-121.41136	0.32229879	54998.00000000	2.185788164933	0.076722036257	4.498610244427	200.000000000000	3
39.86483	-121.34365	0.12312978	66423.00000000	2.185788164933	0.076722036257	4.498610244427	200.000000000000	3
39.86777	-121.30348	0.01758657	74495.00000000	2.185788164933	0.076722036257	4.498610244427	200.000000000000	3
39.87167	-121.23833	0.01575667	85520.00000000	2.185788164933	0.076722036257	4.498610244427	200.000000000000	3
39.76582	-121.39732	0.04677580	38639.00000000	2.185788164933	0.076722036257	4.498610244427	200.000000000000	3
39.77566	-121.34092	0.30499810	43579.00000000	2.185788164933	0.076722036257	4.498610244427	200.000000000000	3
39.76952	-121.30126	0.09480867	46913.00000000	2.185788164933	0.076722036257	4.498610244427	200.000000000000	3
39.75821	-121.19123	0.01225971	55175.00000000	2.185788164933	0.076722036257	4.498610244427	200.000000000000	3
39.76162	-121.16039	0.13595922	56741.00000000	2.185788164933	0.076722036257	4.498610244427	200.000000000000	3
39.75500	-121.12167	0.00676430	62931.00000000	2.185788164933	0.076722036257	4.498610244427	200.000000000000	3
39.72763	-121.39587	0.19992925	32331.00000000	2.185788164933	0.076722036257	4.498610244427	200.000000000000	3
39.72422	-121.34594	0.32145843	34261.00000000	2.185788164933	0.076722036257	4.498610244427	200.000000000000	3
39.72100	-121.27927	0.18315438	38580.00000000	2.185788164933	0.076722036257	4.498610244427	200.000000000000	3
39.71316	-121.22081	0.30822049	38928.00000000	2.185788164933	0.076722036257	4.498610244427	200.000000000000	3
39.72421	-121.16267	0.24208477	52554.00000000	2.185788164933	0.076722036257	4.498610244427	200.000000000000	3
39.72042	-121.12167	0.00845966	58038.00000000	2.185788164933	0.076722036257	4.498610244427	200.000000000000	3
39.64956	-121.39566	0.21199732	16951.00000000	2.185788164933	0.076722036257	4.498610244427	200.000000000000	3
39.65461	-121.34333	0.37540237	24093.00000000	2.185788164933	0.076722036257	4.498610244427	200.000000000000	3
39.65738	-121.28580	0.31341042	24988.00000000	2.185788164933	0.076722036257	4.498610244427	200.000000000000	3
39.66837	-121.21771	0.23804504	36259.00000000	2.185788164933	0.076722036257	4.498610244427	200.000000000000	3
39.65195	-121.15652	0.25234138	44900.00000000	2.185788164933	0.076722036257	4.498610244427	200.000000000000	3
39.65153	-121.10122	0.16399618	52636.00000000	2.185788164933	0.076722036257	4.498610244427	200.000000000000	3
39.59374	-121.39318	0.24226452	11057.00000000	2.185788164933	0.076722036257	4.498610244427	200.000000000000	3
39.59398	-121.34302	0.40576015	15154.00000000	2.185788164933	0.076722036257	4.498610244427	200.000000000000	3
39.59275	-121.28265	0.37775938	24016.00000000	2.185788164933	0.076722036257	4.498610244427	200.000000000000	3
39.57375	-121.24667	0.01525972	32797.00000000	2.185788164933	0.076722036257	4.498610244427	200.000000000000	3
39.59698	-121.13461	0.05608758	47132.00000000	2.185788164933	0.076722036257	4.498610244427	200.000000000000	3
39.59179	-121.10652	0.21164995	48436.00000000	2.185788164933	0.076722036257	4.498610244427	200.000000000000	3
39.55258	-121.38932	0.06120061	10140.00000000	2.185788164933	0.076722036257	4.498610244427	200.000000000000	3
39.55292	-121.34375	0.12190241	14955.00000000	2.185788164933	0.076722036257	4.498610244427	200.000000000000	3
39.55707	-121.28646	0.05549120	22296.00000000	2.185788164933	0.076722036257	4.498610244427	200.000000000000	3
39.56125	-121.24667	0.00169583	32896.00000000	2.185788164933	0.076722036257	4.498610244427	200.000000000000	3
39.56125	-121.12583	0.00042396	49207.00000000	2.185788164933	0.076722036257	4.498610244427	200.000000000000	3
39.55810	-121.10306	0.00226116	49392.00000000	2.185788164933	0.076722036257	4.498610244427	200.000000000000	3
39.95488	-120.19417	0.04911352	222955.00000000	2.185788164933	0.076722036257	4.498610244427	200.000000000000	1
39.95903	-120.16878	0.16880092	224706.00000000	2.185788164933	0.076722036257	4.498610244427	200.000000000000	1
39.92583	-120.19395	0.03240341	218944.00000000	2.185788164933	0.076722036257	4.498610244427	200.000000000000	1
39.91114	-120.15087	0.28987594	212162.00000000	2.185788164933	0.076722036257	4.498610244427	200.000000000000	1
39.89749	-120.11680	0.07452436	215157.00000000	2.185788164933	0.076722036257	4.498610244427	200.000000000000	1
39.87037	-120.12928	0.00816010	212016.00000000	2.185788164933	0.076722036257	4.498610244427	200.000000000000	1
39.86750	-120.12167	0.00984833	212354.00000000	2.185788164933	0.076722036257	4.498610244427	200.000000000000	1
40.50083	-121.07375	0.00376341	183427.00000000	2.185788164933	0.076722036257	4.498610244427	200.000000000000	16
40.50083	-121.06125	0.00041816	183580.00000000	2.185788164933	0.076722036257	4.498610244427	200.000000000000	16
40.47041	-121.07981	0.12034737	174948.00000000	2.185788164933	0.076722036257	4.498610244427	200.000000000000	16
40.48833	-121.06125	0.00585529	181544.00000000	2.185788164933	0.076722036257	4.498610244427	200.000000000000	16
40.41616	-121.33047	0.04675370	174077.00000000	2.185788164933	0.076722036257	4.498610244427	200.000000000000	16
40.39750	-121.31125	0.00209400	174077.00000000	2.185788164933	0.076722036257	4.498610244427	200.000000000000	16
40.43208	-121.07250	0.00906935	173699.00000000	2.185788164933	0.076722036257	4.498610244427	200.000000000000	16
40.15178	-121.26682	0.10368624	114346.00000000	2.185788164933	0.076722036257	4.498610244427	200.000000000000	16
40.14181	-121.24006	0.05745039	114116.00000000	2.185788164933	0.076722036257	4.498610244427	200.000000000000	16
40.37583	-121.37583	0.00027929	177378.00000000	2.185788164933	0.076722036257	4.498610244427	200.000000000000	3
40.38194	-121.32502	0.01466134	171977.00000000	2.185788164933	0.076722036257	4.498610244427	200.000000000000	3
40.38223	-121.30999	0.00600398	171638.00000000	2.185788164933	0.076722036257	4.498610244427	200.000000000000	3
40.36444	-121.39189	0.03044745	175780.00000000	2.185788164933	0.076722036257	4.498610244427	200.000000000000	3
40.36188	-121.34163	0.11383642	169523.00000000	2.185788164933	0.076722036257	4.498610244427	200.000000000000	3
40.36999	-121.30802	0.00935689	170101.00000000	2.185788164933	0.076722036257	4.498610244427	200.000000000000	3
40.26002	-121.33222	0.07839431	150517.00000000	2.185788164933	0.076722036257	4.498610244427	200.000000000000	3
40.25894	-121.29827	0.05217549	144263.00000000	2.185788164933	0.076722036257	4.498610244427	200.000000000000	3
40.24030	-121.33234	0.06220743	145822.00000000	2.185788164933	0.076722036257	4.498610244427	200.000000000000	3
40.21773	-121.28063	0.30015284	137328.00000000	2.185788164933	0.076722036257	4.498610244427	200.000000000000	3
40.20002	-121.22530	0.13753609	128523.00000000	2.185788164933	0.076722036257	4.498610244427	200.000000000000	3
40.19042	-121.18625	0.00147030	128562.00000000	2.185788164933	0.076722036257	4.498610244427	200.000000000000	3
40.16930	-121.32064	0.03018605	122985.00000000	2.185788164933	0.076722036257	4.498610244427	200.000000000000	3
40.16089	-121.28400	0.25630871	114401.00000000	2.185788164933	0.076722036257	4.498610244427	200.000000000000	3
40.17487	-121.22943	0.09113044	113931.00000000	2.185788164933	0.076722036257	4.498610244427	200.000000000000	3
40.18625	-121.18625	0.00063017	128261.00000000	2.185788164933	0.076722036257	4.498610244427	200.000000000000	3
40.08083	-121.31958	0.01192164	110073.00000000	2.185788164933	0.076722036257	4.498610244427	200.000000000000	3
40.09028	-121.27040	0.21077702	104248.00000000	2.185788164933	0.076722036257	4.498610244427	200.000000000000	3
40.10815	-121.23894	0.06897548	109533.00000000	2.185788164933	0.076722036257	4.498610244427	200.000000000000	3
40.03289	-121.32787	0.05684230	97428.00000000	2.185788164933	0.076722036257	4.498610244427	200.000000000000	3
40.04172	-121.28071	0.10735833	93516.00000000	2.185788164933	0.076722036257	4.498610244427	200.000000000000	3
40.05583	-121.24667	0.00561225	101378.00000000	2.185788164933	0.076722036257	4.498610244427	200.000000000000	3
40.51557	-121.07835	0.05211807	183651.00000000	2.185788164933	0.076722036257	4.498610244427	200.000000000000	6
40.50517	-121.05692	0.00822311	183657.00000000	2.185788164933	0.076722036257	4.498610244427	200.000000000000	6
40.45819	-121.06809	0.03689518	175149.00000000	2.185788164933	0.076722036257	4.498610244427	200.000000000000	6
40.45814	-121.04571	0.12885839	172851.00000000	2.185788164933	0.076722036257	4.498610244427	200.000000000000	6
40.43208	-121.06542	0.00634854	173436.00000000	2.185788164933	0.076722036257	4.498610244427	200.000000000000	6
40.41031	-121.02641	0.28858576	162059.00000000	2.185788164933	0.076722036257	4.498610244427	200.000000000000	6
40.40913	-120.97858	0.11192612	168361.00000000	2.185788164933	0.076722036257	4.498610244427	200.000000000000	6
40.40583	-120.93625	0.00083753	179281.00000000	2.185788164933	0.076722036257	4.498610244427	200.000000000000	6
40.37167	-121.03500	0.01117230	160924.00000000	2.185788164933	0.076722036257	4.498610244427	200.000000000000	6
40.32184	-120.87826	0.01006440	170361.00000000	2.185788164933	0.076722036257	4.498610244427	200.000000000000	6
40.32368	-120.86372	0.04597416	171364.00000000	2.185788164933	0.076722036257	4.498610244427	200.000000000000	6
40.30932	-120.87851	0.00391401	170137.00000000	2.185788164933	0.076722036257	4.498610244427	200.000000000000	6
40.29728	-120.84954	0.08004178	170878.00000000	2.185788164933	0.076722036257	4.498610244427	200.000000000000	6
40.55262	-121.22607	0.00090600	180823.00000000	2.185788164933	0.076722036257	4.498610244427	200.000000000000	3
40.50778	-121.14750	0.03086868	191119.00000000	2.185788164933	0.076722036257	4.498610244427	200.000000000000	3
40.46766	-121.21492	0.18121757	171849.00000000	2.185788164933	0.076722036257	4.498610244427	200.000000000000	3
40.48147	-121.15339	0.10778029	170721.00000000	2.185788164933	0.076722036257	4.498610244427	200.000000000000	3
40.41887	-121.20616	0.14933728	162783.00000000	2.185788164933	0.076722036257	4.498610244427	200.000000000000	3
40.41470	-121.17603	0.09838342	164048.00000000	2.185788164933	0.076722036257	4.498610244427	200.000000000000	3
40.02159	-121.39680	0.08984628	87352.00000000	2.185788164933	0.076722036257	4.498610244427	200.000000000000	16
40.01603	-121.34697	0.18810963	85092.00000000	2.185788164933	0.076722036257	4.498610244427	200.000000000000	16
40.01260	-121.30786	0.01123138	92445.00000000	2.185788164933	0.076722036257	4.498610244427	200.000000000000	16
39.99284	-121.34121	0.06881851	83370.00000000	2.185788164933	0.076722036257	4.498610244427	200.000000000000	16
40.12583	-121.00083	0.00028032	165259.00000000	2.185788164933	0.076722036257	4.498610244427	200.000000000000	3
40.13431	-120.96407	0.09739462	154952.00000000	2.185788164933	0.076722036257	4.498610244427	200.000000000000	3
40.13156	-120.91825	0.05367275	147589.00000000	2.185788164933	0.076722036257	4.498610244427	200.000000000000	3
40.06542	-121.06958	0.00834704	120399.00000000	2.185788164933	0.076722036257	4.498610244427	200.000000000000	3
40.07469	-121.03234	0.09823799	121556.00000000	2.185788164933	0.076722036257	4.498610244427	200.000000000000	3
40.09377	-120.96593	0.34953617	131734.00000000	2.185788164933	0.076722036257	4.498610244427	200.000000000000	3
40.09054	-120.91379	0.20676239	139072.00000000	2.185788164933	0.076722036257	4.498610244427	200.000000000000	3
40.07245	-120.85893	0.06985001	147269.00000000	2.185788164933	0.076722036257	4.498610244427	200.000000000000	3
40.01852	-121.27293	0.18558622	90461.00000000	2.185788164933	0.076722036257	4.498610244427	200.000000000000	3
40.01937	-121.22668	0.20352012	93532.00000000	2.185788164933	0.076722036257	4.498610244427	200.000000000000	3
40.03385	-121.14389	0.07129723	102729.00000000	2.185788164933	0.076722036257	4.498610244427	200.000000000000	3
40.02954	-121.09030	0.32529959	110955.00000000	2.185788164933	0.076722036257	4.498610244427	200.000000000000	3
40.03125	-121.03125	0.39475320	119411.00000000	2.185788164933	0.076722036257	4.498610244427	200.000000000000	3
40.03125	-120.96875	0.39475320	127854.00000000	2.185788164933	0.076722036257	4.498610244427	200.000000000000	3
40.01806	-120.92022	0.12637725	138123.00000000	2.185788164933	0.076722036257	4.498610244427	200.000000000000	3
40.04920	-120.83900	0.09219468	149752.00000000	2.185788164933	0.076722036257	4.498610244427	200.000000000000	3
40.03917	-120.81125	0.00210511	158096.00000000	2.185788164933	0.076722036257	4.498610244427	200.000000000000	3
39.99323	-121.27201	0.06432772	87940.00000000	2.185788164933	0.076722036257	4.498610244427	200.000000000000	3
39.99277	-121.21912	0.08779083	94405.00000000	2.185788164933	0.076722036257	4.498610244427	200.000000000000	3
39.97553	-121.15194	0.25764005	102940.00000000	2.185788164933	0.076722036257	4.498610244427	200.000000000000	3
39.96304	-121.08991	0.27683977	119264.00000000	2.185788164933	0.076722036257	4.498610244427	200.000000000000	3
39.96875	-121.03125	0.39511469	120143.00000000	2.185788164933	0.076722036257	4.498610244427	200.000000000000	3
39.97388	-120.97255	0.30314671	140021.00000000	2.185788164933	0.076722036257	4.498610244427	200.000000000000	3
39.98384	-120.90464	0.18710122	142913.00000000	2.185788164933	0.076722036257	4.498610244427	200.000000000000	3
39.96425	-120.84584	0.21909823	151756.00000000	2.185788164933	0.076722036257	4.498610244427	200.000000000000	3
39.94681	-120.79494	0.07243581	164521.00000000	2.185788164933	0.076722036257	4.498610244427	200.000000000000	3
39.93208	-121.12583	0.00182729	178882.00000000	2.185788164933	0.076722036257	4.498610244427	200.000000000000	3
39.91566	-121.09085	0.25696123	87871.00000000	2.185788164933	0.076722036257	4.498610244427	200.000000000000	3
39.90945	-121.02922	0.34555632	91398.00000000	2.185788164933	0.076722036257	4.498610244427	200.000000000000	3
39.92164	-120.96908	0.15773277	154684.00000000	2.185788164933	0.076722036257	4.498610244427	200.000000000000	3
39.91198	-120.90337	0.24493790	109370.00000000	2.185788164933	0.076722036257	4.498610244427	200.000000000000	3
39.90318	-120.84484	0.34175112	106501.00000000	2.185788164933	0.076722036257	4.498610244427	200.000000000000	3
39.91169	-120.78453	0.28015115	109949.00000000	2.185788164933	0.076722036257	4.498610244427	200.000000000000	3
39.90103	-120.72701	0.12937252	120546.00000000	2.185788164933	0.076722036257	4.498610244427	200.000000000000	3
39.83049	-121.09233	0.13365604	72588.00000000	2.185788164933	0.076722036257	4.498610244427	200.000000000000	3
39.83056	-121.02620	0.18122880	76068.00000000	2.185788164933	0.076722036257	4.498610244427	200.000000000000	3
39.83126	-120.98834	0.05039088	83776.00000000	2.185788164933	0.076722036257	4.498610244427	200.000000000000	3
39.85189	-120.90182	0.17632819	93312.00000000	2.185788164933	0.076722036257	4.498610244427	200.000000000000	3
39.84669	-120.84531	0.30956149	101122.00000000	2.185788164933	0.076722036257	4.498610244427	200.000000000000	3
39.85253	-120.77826	0.19273117	109895.00000000	2.185788164933	0.076722036257	4.498610244427	200.000000000000	3
39.83319	-120.72139	0.25581183	118130.00000000	2.185788164933	0.076722036257	4.498610244427	200.000000000000	3
39.82330	-120.67935	0.03878332	125870.00000000	2.185788164933	0.076722036257	4.498610244427	200.000000000000	3
39.77250	-121.19042	0.00493107	59441.00000000	2.185788164933	0.076722036257	4.498610244427	200.000000000000	3
39.78644	-121.15092	0.18523174	60036.00000000	2.185788164933	0.076722036257	4.498610244427	200.000000000000	3
39.78749	-121.09177	0.25785088	64743.00000000	2.185788164933	0.076722036257	4.498610244427	200.000000000000	3
39.78926	-121.03263	0.28770538	73617.00000000	2.185788164933	0.076722036257	4.498610244427	200.000000000000	3
39.79088	-120.98696	0.10380314	79353.00000000	2.185788164933	0.076722036257	4.498610244427	200.000000000000	3
39.79792	-120.82689	0.07401186	111259.00000000	2.185788164933	0.076722036257	4.498610244427	200.000000000000	3
39.78815	-120.80011	0.04049588	112339.00000000	2.185788164933	0.076722036257	4.498610244427	200.000000000000	3
39.79674	-120.70522	0.12291388	129673.00000000	2.185788164933	0.076722036257	4.498610244427	200.000000000000	3
39.77586	-120.66412	0.22348948	131686.00000000	2.185788164933	0.076722036257	4.498610244427	200.000000000000	3
39.75428	-120.62037	0.00817339	142255.00000000	2.185788164933	0.076722036257	4.498610244427	200.000000000000	3
39.74499	-120.64294	0.03777717	141686.00000000	2.185788164933	0.076722036257	4.498610244427	200.000000000000	3
39.74250	-120.61750	0.02283376	143521.00000000	2.185788164933	0.076722036257	4.498610244427	200.000000000000	3
39.94458	-120.20583	0.01194547	222616.00000000	2.185788164933	0.076722036257	4.498610244427	200.000000000000	6
39.91904	-120.20310	0.04920558	218017.00000000	2.185788164933	0.076722036257	4.498610244427	200.000000000000	6
39.90836	-120.17880	0.02320000	218835.00000000	2.185788164933	0.076722036257	4.498610244427	200.000000000000	6
40.31837	-121.20340	0.01677121	152521.00000000	2.185788164933	0.076722036257	4.498610244427	200.000000000000	9
40.33369	-120.94681	0.05729370	164254.00000000	2.185788164933	0.076722036257	4.498610244427	200.000000000000	9
40.34021	-120.93286	0.02235283	164964.00000000	2.185788164933	0.076722036257	4.498610244427	200.000000000000	9
40.29749	-121.20470	0.06081702	149080.00000000	2.185788164933	0.076722036257	4.498610244427	200.000000000000	9
40.30189	-121.18340	0.01328004	148964.00000000	2.185788164933	0.076722036257	4.498610244427	200.000000000000	9
40.29586	-120.95180	0.07479891	159118.00000000	2.185788164933	0.076722036257	4.498610244427	200.000000000000	9
40.27473	-120.92179	0.12516840	162432.00000000	2.185788164933	0.076722036257	4.498610244427	200.000000000000	9
40.06542	-120.21417	0.00280571	247711.00000000	2.185788164933	0.076722036257	4.498610244427	200.000000000000	2
40.05708	-120.20776	0.00862860	248961.00000000	2.185788164933	0.076722036257	4.498610244427	200.000000000000	2
39.95102	-120.13668	0.03295281	227259.00000000	2.185788164933	0.076722036257	4.498610244427	200.000000000000	2
39.93408	-120.12883	0.00351391	227244.00000000	2.185788164933	0.076722036257	4.498610244427	200.000000000000	2
39.91735	-120.11015	0.04168409	218088.00000000	2.185788164933	0.076722036257	4.498610244427	200.000000000000	2
40.34603	-120.95757	0.11456454	161218.00000000	2.185788164933	0.076722036257	4.498610244427	200.000000000000	3
40.36260	-120.93286	0.01117358	169962.00000000	2.185788164933	0.076722036257	4.498610244427	200.000000000000	3
40.37909	-121.00790	0.01284555	162420.00000000	2.185788164933	0.076722036257	4.498610244427	200.000000000000	6
40.38753	-120.96571	0.14938329	167374.00000000	2.185788164933	0.076722036257	4.498610244427	200.000000000000	6
40.38509	-120.92627	0.04250508	174283.00000000	2.185788164933	0.076722036257	4.498610244427	200.000000000000	6
40.33917	-121.31869	0.04541477	165387.00000000	2.185788164933	0.076722036257	4.498610244427	200.000000000000	6
40.33243	-121.28597	0.22453166	157846.00000000	2.185788164933	0.076722036257	4.498610244427	200.000000000000	6
40.33030	-121.21798	0.18899653	152138.00000000	2.185788164933	0.076722036257	4.498610244427	200.000000000000	6
40.33602	-121.15618	0.29517032	150398.00000000	2.185788164933	0.076722036257	4.498610244427	200.000000000000	6
40.32482	-121.10021	0.13378773	148496.00000000	2.185788164933	0.076722036257	4.498610244427	200.000000000000	6
40.33897	-121.02525	0.29557952	149522.00000000	2.185788164933	0.076722036257	4.498610244427	200.000000000000	6
40.34565	-120.98086	0.21765598	158016.00000000	2.185788164933	0.076722036257	4.498610244427	200.000000000000	6
40.35758	-120.90399	0.18606816	167594.00000000	2.185788164933	0.076722036257	4.498610244427	200.000000000000	6
40.35583	-120.87167	0.01676170	175302.00000000	2.185788164933	0.076722036257	4.498610244427	200.000000000000	6
40.28449	-121.26964	0.23216176	141208.00000000	2.185788164933	0.076722036257	4.498610244427	200.000000000000	6
40.28346	-121.23401	0.19022827	149101.00000000	2.185788164933	0.076722036257	4.498610244427	200.000000000000	6
40.28577	-121.14632	0.23249002	142521.00000000	2.185788164933	0.076722036257	4.498610244427	200.000000000000	6
40.29466	-121.09691	0.20868876	142379.00000000	2.185788164933	0.076722036257	4.498610244427	200.000000000000	6
40.29973	-121.03052	0.15694821	147725.00000000	2.185788164933	0.076722036257	4.498610244427	200.000000000000	6
40.30128	-120.98324	0.08276485	155597.00000000	2.185788164933	0.076722036257	4.498610244427	200.000000000000	6
40.24012	-121.25982	0.04310122	138121.00000000	2.185788164933	0.076722036257	4.498610244427	200.000000000000	6
40.22745	-121.21680	0.23610681	129210.00000000	2.185788164933	0.076722036257	4.498610244427	200.000000000000	6
40.20850	-121.15907	0.16125800	129287.00000000	2.185788164933	0.076722036257	4.498610244427	200.000000000000	6
40.19526	-121.09259	0.05145635	134013.00000000	2.185788164933	0.076722036257	4.498610244427	200.000000000000	6
40.19928	-121.04547	0.07637735	137222.00000000	2.185788164933	0.076722036257	4.498610244427	200.000000000000	6
40.18625	-121.13417	0.00462123	139715.00000000	2.185788164933	0.076722036257	4.498610244427	200.000000000000	6
40.17815	-121.08178	0.06127178	131143.00000000	2.185788164933	0.076722036257	4.498610244427	200.000000000000	6
40.18163	-121.05246	0.02513934	170848.00000000	2.185788164933	0.076722036257	4.498610244427	200.000000000000	6
40.39103	-121.27993	0.18735190	162972.00000000	2.185788164933	0.076722036257	4.498610244427	200.000000000000	3
40.38300	-121.22562	0.06700045	160978.00000000	2.185788164933	0.076722036257	4.498610244427	200.000000000000	3
40.39084	-121.15236	0.18427631	158189.00000000	2.185788164933	0.076722036257	4.498610244427	200.000000000000	3
40.39359	-121.08715	0.19613849	157546.00000000	2.185788164933	0.076722036257	4.498610244427	200.000000000000	3
40.39526	-121.05244	0.08556659	162877.00000000	2.185788164933	0.076722036257	4.498610244427	200.000000000000	3
40.35858	-121.27266	0.15757437	160064.00000000	2.185788164933	0.076722036257	4.498610244427	200.000000000000	3
40.35960	-121.22090	0.18718798	156369.00000000	2.185788164933	0.076722036257	4.498610244427	200.000000000000	3
40.36708	-121.15646	0.09776842	154495.00000000	2.185788164933	0.076722036257	4.498610244427	200.000000000000	3
40.35352	-121.09042	0.25915452	150301.00000000	2.185788164933	0.076722036257	4.498610244427	200.000000000000	3
40.35651	-121.05133	0.08617761	151458.00000000	2.185788164933	0.076722036257	4.498610244427	200.000000000000	3
40.31542	-120.94042	0.00342437	163845.00000000	2.185788164933	0.076722036257	4.498610244427	200.000000000000	6
40.32668	-120.90616	0.15657704	164609.00000000	2.185788164933	0.076722036257	4.498610244427	200.000000000000	6
40.31542	-120.75083	0.00090850	184663.00000000	2.185788164933	0.076722036257	4.498610244427	200.000000000000	6
40.31542	-120.74667	0.00384367	184625.00000000	2.185788164933	0.076722036257	4.498610244427	200.000000000000	6
40.27063	-121.07309	0.08979782	140794.00000000	2.185788164933	0.076722036257	4.498610244427	200.000000000000	6
40.26746	-121.03394	0.21397703	143162.00000000	2.185788164933	0.076722036257	4.498610244427	200.000000000000	6
40.26337	-120.97586	0.10957901	156028.00000000	2.185788164933	0.076722036257	4.498610244427	200.000000000000	6
40.28545	-120.89724	0.24912248	163353.00000000	2.185788164933	0.076722036257	4.498610244427	200.000000000000	6
40.26986	-120.84779	0.23221436	170319.00000000	2.185788164933	0.076722036257	4.498610244427	200.000000000000	6
40.26963	-120.79061	0.14252111	178422.00000000	2.185788164933	0.076722036257	4.498610244427	200.000000000000	6
40.31125	-120.74667	0.00167735	184309.00000000	2.185788164933	0.076722036257	4.498610244427	200.000000000000	6
40.23221	-121.06918	0.05010212	136928.00000000	2.185788164933	0.076722036257	4.498610244427	200.000000000000	6
40.22987	-121.03108	0.25331001	137468.00000000	2.185788164933	0.076722036257	4.498610244427	200.000000000000	6
40.22431	-120.96744	0.31240271	160833.00000000	2.185788164933	0.076722036257	4.498610244427	200.000000000000	6
40.22005	-120.90561	0.36154059	160948.00000000	2.185788164933	0.076722036257	4.498610244427	200.000000000000	6
40.23752	-120.85311	0.12035638	171084.00000000	2.185788164933	0.076722036257	4.498610244427	200.000000000000	6
40.24667	-120.80708	0.00727551	175839.00000000	2.185788164933	0.076722036257	4.498610244427	200.000000000000	6
40.18625	-120.89750	0.00630168	161677.00000000	2.185788164933	0.076722036257	4.498610244427	200.000000000000	6
40.01714	-121.51124	0.04520098	74808.00000000	2.185788164933	0.076722036257	4.498610244427	200.000000000000	9
40.00083	-121.49667	0.00112335	75323.00000000	2.185788164933	0.076722036257	4.498610244427	200.000000000000	9
39.96419	-121.51808	0.19191762	61661.00000000	2.185788164933	0.076722036257	4.498610244427	200.000000000000	9
39.98280	-121.49216	0.04803158	71536.00000000	2.185788164933	0.076722036257	4.498610244427	200.000000000000	9
39.91028	-121.52882	0.16309957	52905.00000000	2.185788164933	0.076722036257	4.498610244427	200.000000000000	9
39.78500	-121.57250	0.02655544	37322.00000000	2.185788164933	0.076722036257	4.498610244427	200.000000000000	9
39.73500	-121.57250	0.00859927	31998.00000000	2.185788164933	0.076722036257	4.498610244427	200.000000000000	9
39.81542	-121.57250	0.00492800	43139.00000000	2.185788164933	0.076722036257	4.498610244427	200.000000000000	6
39.78304	-121.56705	0.03973219	34344.00000000	2.185788164933	0.076722036257	4.498610244427	200.000000000000	6
39.77276	-121.55726	0.04972344	34398.00000000	2.185788164933	0.076722036257	4.498610244427	200.000000000000	6
39.72253	-121.56876	0.04208983	28758.00000000	2.185788164933	0.076722036257	4.498610244427	200.000000000000	6
39.73550	-121.55767	0.02988011	29052.00000000	2.185788164933	0.076722036257	4.498610244427	200.000000000000	6
40.46048	-121.48392	0.07859635	196198.00000000	2.185788164933	0.076722036257	4.498610244427	200.000000000000	3
40.40431	-121.47236	0.11195672	187975.00000000	2.185788164933	0.076722036257	4.498610244427	200.000000000000	3
40.36333	-121.46833	0.03680409	186093.00000000	2.185788164933	0.076722036257	4.498610244427	200.000000000000	3
39.87583	-120.40583	0.00140676	185760.00000000	2.185788164933	0.076722036257	4.498610244427	200.000000000000	3
39.87583	-120.21000	0.00281352	203307.00000000	2.185788164933	0.076722036257	4.498610244427	200.000000000000	3
39.87833	-120.15250	0.01406426	211916.00000000	2.185788164933	0.076722036257	4.498610244427	200.000000000000	3
39.86000	-120.44042	0.00984959	175262.00000000	2.185788164933	0.076722036257	4.498610244427	200.000000000000	3
39.84757	-120.40893	0.24908972	170564.00000000	2.185788164933	0.076722036257	4.498610244427	200.000000000000	3
39.84750	-120.31958	0.01196240	185017.00000000	2.185788164933	0.076722036257	4.498610244427	200.000000000000	3
39.84855	-120.27349	0.07810403	185094.00000000	2.185788164933	0.076722036257	4.498610244427	200.000000000000	3
39.85338	-120.21936	0.16605400	194224.00000000	2.185788164933	0.076722036257	4.498610244427	200.000000000000	3
39.84820	-120.15556	0.24023831	199548.00000000	2.185788164933	0.076722036257	4.498610244427	200.000000000000	3
39.83429	-120.11572	0.07044374	208721.00000000	2.185788164933	0.076722036257	4.498610244427	200.000000000000	3
39.78307	-120.13722	0.14271152	202789.00000000	2.185788164933	0.076722036257	4.498610244427	200.000000000000	3
39.78716	-120.11623	0.08766573	207842.00000000	2.185788164933	0.076722036257	4.498610244427	200.000000000000	3
39.69042	-120.44042	0.00345586	194877.00000000	2.185788164933	0.076722036257	4.498610244427	200.000000000000	3
39.69042	-120.42792	0.01135498	192385.00000000	2.185788164933	0.076722036257	4.498610244427	200.000000000000	3
39.74250	-120.14380	0.03552003	204394.00000000	2.185788164933	0.076722036257	4.498610244427	200.000000000000	3
39.65641	-120.44649	0.07841096	195053.00000000	2.185788164933	0.076722036257	4.498610244427	200.000000000000	3
39.66275	-120.43217	0.04930248	192615.00000000	2.185788164933	0.076722036257	4.498610244427	200.000000000000	3
39.62167	-120.43083	0.00564784	200661.00000000	2.185788164933	0.076722036257	4.498610244427	200.000000000000	3
39.85583	-120.37583	0.00140717	181007.00000000	2.185788164933	0.076722036257	4.498610244427	200.000000000000	3
39.84395	-120.34361	0.08092678	179767.00000000	2.185788164933	0.076722036257	4.498610244427	200.000000000000	3
39.83540	-120.27966	0.08094159	184199.00000000	2.185788164933	0.076722036257	4.498610244427	200.000000000000	3
39.83654	-120.21610	0.06474701	192457.00000000	2.185788164933	0.076722036257	4.498610244427	200.000000000000	3
39.84068	-120.15525	0.08163159	199433.00000000	2.185788164933	0.076722036257	4.498610244427	200.000000000000	3
39.81958	-120.10583	0.01027760	210581.00000000	2.185788164933	0.076722036257	4.498610244427	200.000000000000	3
39.77101	-120.38803	0.10031691	176760.00000000	2.185788164933	0.076722036257	4.498610244427	200.000000000000	3
39.76808	-120.36614	0.06030096	178032.00000000	2.185788164933	0.076722036257	4.498610244427	200.000000000000	3
39.76521	-120.19607	0.02916566	196446.00000000	2.185788164933	0.076722036257	4.498610244427	200.000000000000	3
39.78437	-120.16078	0.11875299	200236.00000000	2.185788164933	0.076722036257	4.498610244427	200.000000000000	3
39.81125	-120.10583	0.00197130	210696.00000000	2.185788164933	0.076722036257	4.498610244427	200.000000000000	3
39.70340	-120.44337	0.01692396	194877.00000000	2.185788164933	0.076722036257	4.498610244427	200.000000000000	3
39.71531	-120.40057	0.23026250	181925.00000000	2.185788164933	0.076722036257	4.498610244427	200.000000000000	3
39.73207	-120.36794	0.05384839	182001.00000000	2.185788164933	0.076722036257	4.498610244427	200.000000000000	3
39.71000	-120.25440	0.01974469	193294.00000000	2.185788164933	0.076722036257	4.498610244427	200.000000000000	3
39.71404	-120.21931	0.19633954	194022.00000000	2.185788164933	0.076722036257	4.498610244427	200.000000000000	3
39.73722	-120.18278	0.00881000	200837.00000000	2.185788164933	0.076722036257	4.498610244427	200.000000000000	3
39.67025	-120.40644	0.14462928	189374.00000000	2.185788164933	0.076722036257	4.498610244427	200.000000000000	3
39.66503	-120.32052	0.04092459	192084.00000000	2.185788164933	0.076722036257	4.498610244427	200.000000000000	3
39.64032	-120.29863	0.05081422	193488.00000000	2.185788164933	0.076722036257	4.498610244427	200.000000000000	3
39.65953	-120.21526	0.24351471	197005.00000000	2.185788164933	0.076722036257	4.498610244427	200.000000000000	3
39.64716	-120.18353	0.01404382	204489.00000000	2.185788164933	0.076722036257	4.498610244427	200.000000000000	3
39.61878	-120.21994	0.01835636	206288.00000000	2.185788164933	0.076722036257	4.498610244427	200.000000000000	3
39.82443	-120.40116	0.10656966	169036.00000000	2.185788164933	0.076722036257	4.498610244427	200.000000000000	16
39.82689	-120.34879	0.16081204	175862.00000000	2.185788164933	0.076722036257	4.498610244427	200.000000000000	16
39.82130	-120.28456	0.10592802	183004.00000000	2.185788164933	0.076722036257	4.498610244427	200.000000000000	16
39.82472	-120.21759	0.11999384	190798.00000000	2.185788164933	0.076722036257	4.498610244427	200.000000000000	16
39.82254	-120.16182	0.05849489	200118.00000000	2.185788164933	0.076722036257	4.498610244427	200.000000000000	16
39.80545	-120.39670	0.05958007	170717.00000000	2.185788164933	0.076722036257	4.498610244427	200.000000000000	16
39.78361	-120.33973	0.33592206	176169.00000000	2.185788164933	0.076722036257	4.498610244427	200.000000000000	16
39.78125	-120.28125	0.39619633	183196.00000000	2.185788164933	0.076722036257	4.498610244427	200.000000000000	16
39.78292	-120.22138	0.35716722	190338.00000000	2.185788164933	0.076722036257	4.498610244427	200.000000000000	16
39.80264	-120.17764	0.04147344	199270.00000000	2.185788164933	0.076722036257	4.498610244427	200.000000000000	16
39.69794	-120.38449	0.01086010	186795.00000000	2.185788164933	0.076722036257	4.498610244427	200.000000000000	16
39.71666	-120.33995	0.34270897	182615.00000000	2.185788164933	0.076722036257	4.498610244427	200.000000000000	16
39.71921	-120.28266	0.37679567	185997.00000000	2.185788164933	0.076722036257	4.498610244427	200.000000000000	16
39.73179	-120.23306	0.11418683	192947.00000000	2.185788164933	0.076722036257	4.498610244427	200.000000000000	16
39.62583	-120.44042	0.00098831	207657.00000000	2.185788164933	0.076722036257	4.498610244427	200.000000000000	16
39.64467	-120.39998	0.20155260	189297.00000000	2.185788164933	0.076722036257	4.498610244427	200.000000000000	16
39.66512	-120.35514	0.17152990	189067.00000000	2.185788164933	0.076722036257	4.498610244427	200.000000000000	16
39.67972	-120.27682	0.09136440	191868.00000000	2.185788164933	0.076722036257	4.498610244427	200.000000000000	16
39.67727	-120.24276	0.02708741	196148.00000000	2.185788164933	0.076722036257	4.498610244427	200.000000000000	16
39.62167	-120.44042	0.00395349	206948.00000000	2.185788164933	0.076722036257	4.498610244427	200.000000000000	16
39.59858	-120.39981	0.28067004	197414.00000000	2.185788164933	0.076722036257	4.498610244427	200.000000000000	16
39.59314	-120.35825	0.18009287	197699.00000000	2.185788164933	0.076722036257	4.498610244427	200.000000000000	16
39.56125	-120.38417	0.00466353	207296.00000000	2.185788164933	0.076722036257	4.498610244427	200.000000000000	16
39.56125	-120.36750	0.00381562	207628.00000000	2.185788164933	0.076722036257	4.498610244427	200.000000000000	16
40.01849	-121.52567	0.05096349	75802.00000000	2.185788164933	0.076722036257	4.498610244427	200.000000000000	3
39.97819	-121.52942	0.06763535	66675.00000000	2.185788164933	0.076722036257	4.498610244427	200.000000000000	3
39.96047	-121.48088	0.14232691	65707.00000000	2.185788164933	0.076722036257	4.498610244427	200.000000000000	3
39.88574	-121.56958	0.00907212	54417.00000000	2.185788164933	0.076722036257	4.498610244427	200.000000000000	3
39.89738	-121.51723	0.12874821	51802.00000000	2.185788164933	0.076722036257	4.498610244427	200.000000000000	3
39.91091	-121.48739	0.14832181	57813.00000000	2.185788164933	0.076722036257	4.498610244427	200.000000000000	3
39.84481	-121.56770	0.01548223	46024.00000000	2.185788164933	0.076722036257	4.498610244427	200.000000000000	3
39.85191	-121.52861	0.27380777	46456.00000000	2.185788164933	0.076722036257	4.498610244427	200.000000000000	3
39.83767	-121.48315	0.15509386	45721.00000000	2.185788164933	0.076722036257	4.498610244427	200.000000000000	3
39.81125	-121.46000	0.00844850	54010.00000000	2.185788164933	0.076722036257	4.498610244427	200.000000000000	3
39.75855	-121.53948	0.03804695	35376.00000000	2.185788164933	0.076722036257	4.498610244427	200.000000000000	6
39.75440	-121.48202	0.00986445	45085.00000000	2.185788164933	0.076722036257	4.498610244427	200.000000000000	6
39.69517	-121.57017	0.00839235	26821.00000000	2.185788164933	0.076722036257	4.498610244427	200.000000000000	6
39.71525	-121.52886	0.31972975	20634.00000000	2.185788164933	0.076722036257	4.498610244427	200.000000000000	6
39.71651	-121.48316	0.17666192	20634.00000000	2.185788164933	0.076722036257	4.498610244427	200.000000000000	6
39.69042	-121.41417	0.00493695	29052.00000000	2.185788164933	0.076722036257	4.498610244427	200.000000000000	6
39.68208	-121.56542	0.00606613	26035.00000000	2.185788164933	0.076722036257	4.498610244427	200.000000000000	6
39.65973	-121.52463	0.27935420	13572.00000000	2.185788164933	0.076722036257	4.498610244427	200.000000000000	6
39.66592	-121.46505	0.12544127	12526.00000000	2.185788164933	0.076722036257	4.498610244427	200.000000000000	6
39.64613	-121.42612	0.06958572	15673.00000000	2.185788164933	0.076722036257	4.498610244427	200.000000000000	6
39.59935	-121.50884	0.08115697	8820.00000000	2.185788164933	0.076722036257	4.498610244427	200.000000000000	6
39.59741	-121.46968	0.24159608	5078.00000000	2.185788164933	0.076722036257	4.498610244427	200.000000000000	6
39.59797	-121.42271	0.17330369	7945.00000000	2.185788164933	0.076722036257	4.498610244427	200.000000000000	6
39.53348	-121.46283	0.11805071	278.00000000	2.185788164933	0.076722036257	4.498610244427	200.000000000000	6
39.52840	-121.40816	0.21752458	7408.00000000	2.185788164933	0.076722036257	4.498610244427	200.000000000000	6
39.52335	-121.34999	0.12909267	14847.00000000	2.185788164933	0.076722036257	4.498610244427	200.000000000000	6
39.54567	-121.27875	0.07420632	22334.00000000	2.185788164933	0.076722036257	4.498610244427	200.000000000000	6
39.54750	-121.24250	0.01272125	32618.00000000	2.185788164933	0.076722036257	4.498610244427	200.000000000000	6
39.49667	-121.37583	0.00113162	20941.00000000	2.185788164933	0.076722036257	4.498610244427	200.000000000000	6
39.49667	-121.36750	0.01018445	20494.00000000	2.185788164933	0.076722036257	4.498610244427	200.000000000000	6
39.94458	-121.54750	0.00829175	61738.00000000	2.185788164933	0.076722036257	4.498610244427	200.000000000000	3
39.90846	-121.57164	0.06285838	54301.00000000	2.185788164933	0.076722036257	4.498610244427	200.000000000000	3
39.91012	-121.55262	0.09435275	53276.00000000	2.185788164933	0.076722036257	4.498610244427	200.000000000000	3
39.50083	-121.34333	0.00565769	21050.00000000	2.185788164933	0.076722036257	4.498610244427	200.000000000000	3
39.48917	-121.37583	0.00028292	21574.00000000	2.185788164933	0.076722036257	4.498610244427	200.000000000000	3
39.49112	-121.35242	0.04979761	21088.00000000	2.185788164933	0.076722036257	4.498610244427	200.000000000000	3
39.51894	-121.14416	0.00007067	47772.00000000	2.185788164933	0.076722036257	4.498610244427	200.000000000000	7
39.69042	-121.03500	0.00987389	66902.00000000	2.185788164933	0.076722036257	4.498610244427	200.000000000000	6
39.65787	-121.06887	0.02893136	60609.00000000	2.185788164933	0.076722036257	4.498610244427	200.000000000000	6
39.65227	-121.03795	0.15218903	60634.00000000	2.185788164933	0.076722036257	4.498610244427	200.000000000000	6
39.57792	-121.13759	0.02613776	46167.00000000	2.185788164933	0.076722036257	4.498610244427	200.000000000000	6
39.58884	-121.06800	0.00148297	54956.00000000	2.185788164933	0.076722036257	4.498610244427	200.000000000000	6
39.55581	-121.12966	0.00600624	47810.00000000	2.185788164933	0.076722036257	4.498610244427	200.000000000000	6
39.53656	-121.08849	0.00070662	49561.00000000	2.185788164933	0.076722036257	4.498610244427	200.000000000000	6
39.51421	-121.33180	0.09899069	18011.00000000	2.185788164933	0.076722036257	4.498610244427	200.000000000000	12
39.52913	-121.28507	0.12067154	22449.00000000	2.185788164933	0.076722036257	4.498610244427	200.000000000000	12
39.53405	-121.24107	0.01837798	31816.00000000	2.185788164933	0.076722036257	4.498610244427	200.000000000000	12
39.49667	-121.32250	0.00360699	23382.00000000	2.185788164933	0.076722036257	4.498610244427	200.000000000000	12
40.19042	-121.44042	0.00210043	162044.00000000	2.185788164933	0.076722036257	4.498610244427	200.000000000000	3
40.19413	-121.41398	0.01190192	155972.00000000	2.185788164933	0.076722036257	4.498610244427	200.000000000000	3
40.23083	-121.36417	0.00363860	155701.00000000	2.185788164933	0.076722036257	4.498610244427	200.000000000000	3
40.16958	-121.44042	0.01548198	161334.00000000	2.185788164933	0.076722036257	4.498610244427	200.000000000000	3
40.17586	-121.43353	0.01813551	160184.00000000	2.185788164933	0.076722036257	4.498610244427	200.000000000000	3
39.58665	-120.47071	0.19982347	208268.00000000	2.185788164933	0.076722036257	4.498610244427	200.000000000000	3
39.57744	-120.42368	0.09118861	205113.00000000	2.185788164933	0.076722036257	4.498610244427	200.000000000000	3
39.53670	-120.46640	0.04438542	212674.00000000	2.185788164933	0.076722036257	4.498610244427	200.000000000000	3
39.54279	-120.41423	0.19323825	207612.00000000	2.185788164933	0.076722036257	4.498610244427	200.000000000000	3
39.69592	-120.56865	0.01544471	152377.00000000	2.185788164933	0.076722036257	4.498610244427	200.000000000000	3
39.71635	-120.51849	0.04871885	152300.00000000	2.185788164933	0.076722036257	4.498610244427	200.000000000000	3
39.71123	-120.47874	0.17978178	158062.00000000	2.185788164933	0.076722036257	4.498610244427	200.000000000000	3
39.63695	-120.57822	0.00148117	154067.00000000	2.185788164933	0.076722036257	4.498610244427	200.000000000000	3
39.65019	-120.53018	0.09961869	154105.00000000	2.185788164933	0.076722036257	4.498610244427	200.000000000000	3
39.65303	-120.47159	0.24513913	160555.00000000	2.185788164933	0.076722036257	4.498610244427	200.000000000000	3
39.61624	-120.46346	0.08593290	206948.00000000	2.185788164933	0.076722036257	4.498610244427	200.000000000000	3
39.60740	-120.43286	0.01129766	205721.00000000	2.185788164933	0.076722036257	4.498610244427	200.000000000000	3
39.69709	-120.72934	0.00169225	147599.00000000	2.185788164933	0.076722036257	4.498610244427	200.000000000000	6
39.56804	-120.31804	0.01335333	207318.00000000	2.185788164933	0.076722036257	4.498610244427	200.000000000000	3
39.56922	-120.29265	0.05658804	208044.00000000	2.185788164933	0.076722036257	4.498610244427	200.000000000000	3
39.52705	-120.38741	0.10577314	208114.00000000	2.185788164933	0.076722036257	4.498610244427	200.000000000000	3
39.53113	-120.34352	0.36964966	207727.00000000	2.185788164933	0.076722036257	4.498610244427	200.000000000000	3
39.53469	-120.28410	0.32620841	209626.00000000	2.185788164933	0.076722036257	4.498610244427	200.000000000000	3
39.54404	-120.23014	0.11053731	215083.00000000	2.185788164933	0.076722036257	4.498610244427	200.000000000000	3
39.54750	-120.17792	0.01399384	220529.00000000	2.185788164933	0.076722036257	4.498610244427	200.000000000000	3
39.76833	-120.19042	0.00986274	199441.00000000	2.185788164933	0.076722036257	4.498610244427	200.000000000000	3
39.76501	-120.17022	0.09299521	200204.00000000	2.185788164933	0.076722036257	4.498610244427	200.000000000000	3
39.71219	-120.19848	0.08602535	198483.00000000	2.185788164933	0.076722036257	4.498610244427	200.000000000000	3
39.71496	-120.16627	0.23736593	200991.00000000	2.185788164933	0.076722036257	4.498610244427	200.000000000000	3
39.65412	-120.19581	0.04798708	203511.00000000	2.185788164933	0.076722036257	4.498610244427	200.000000000000	3
39.65837	-120.16207	0.27286162	204806.00000000	2.185788164933	0.076722036257	4.498610244427	200.000000000000	3
39.62167	-120.14750	0.00564784	212453.00000000	2.185788164933	0.076722036257	4.498610244427	200.000000000000	3
39.64750	-120.37583	0.00141143	193704.00000000	2.185788164933	0.076722036257	4.498610244427	200.000000000000	6
39.64605	-120.33832	0.18447400	191538.00000000	2.185788164933	0.076722036257	4.498610244427	200.000000000000	6
39.65101	-120.27937	0.25473920	193495.00000000	2.185788164933	0.076722036257	4.498610244427	200.000000000000	6
39.64010	-120.23536	0.07833543	198928.00000000	2.185788164933	0.076722036257	4.498610244427	200.000000000000	6
39.63275	-120.14369	0.03741075	208187.00000000	2.185788164933	0.076722036257	4.498610244427	200.000000000000	6
39.62583	-120.12167	0.00049415	217800.00000000	2.185788164933	0.076722036257	4.498610244427	200.000000000000	6
39.57250	-120.38000	0.00847777	204151.00000000	2.185788164933	0.076722036257	4.498610244427	200.000000000000	6
39.59598	-120.33263	0.20383043	200869.00000000	2.185788164933	0.076722036257	4.498610244427	200.000000000000	6
39.59782	-120.27936	0.34070990	200270.00000000	2.185788164933	0.076722036257	4.498610244427	200.000000000000	6
39.59254	-120.21869	0.37889775	206458.00000000	2.185788164933	0.076722036257	4.498610244427	200.000000000000	6
39.59342	-120.15645	0.39061607	208417.00000000	2.185788164933	0.076722036257	4.498610244427	200.000000000000	6
39.59545	-120.11526	0.09172656	216473.00000000	2.185788164933	0.076722036257	4.498610244427	200.000000000000	6
39.56125	-120.34333	0.00847915	207072.00000000	2.185788164933	0.076722036257	4.498610244427	200.000000000000	6
39.56125	-120.25917	0.00466353	214218.00000000	2.185788164933	0.076722036257	4.498610244427	200.000000000000	6
39.55759	-120.21086	0.04912668	214428.00000000	2.185788164933	0.076722036257	4.498610244427	200.000000000000	6
39.55723	-120.16018	0.05873395	216787.00000000	2.185788164933	0.076722036257	4.498610244427	200.000000000000	6
40.45167	-121.31542	0.00976415	184144.00000000	2.185788164933	0.076722036257	4.498610244427	200.000000000000	14
40.45427	-121.30786	0.01115837	184907.00000000	2.185788164933	0.076722036257	4.498610244427	200.000000000000	14
40.27135	-121.20434	0.14224145	146599.00000000	2.185788164933	0.076722036257	4.498610244427	200.000000000000	14
40.27227	-121.16946	0.14755085	141875.00000000	2.185788164933	0.076722036257	4.498610244427	200.000000000000	14
40.26180	-121.10636	0.09482963	140302.00000000	2.185788164933	0.076722036257	4.498610244427	200.000000000000	14
40.28344	-121.01073	0.02237341	153443.00000000	2.185788164933	0.076722036257	4.498610244427	200.000000000000	14
40.27496	-120.96312	0.12614913	155481.00000000	2.185788164933	0.076722036257	4.498610244427	200.000000000000	14
40.25870	-120.93324	0.01510668	162739.00000000	2.185788164933	0.076722036257	4.498610244427	200.000000000000	14
40.24483	-121.19671	0.02000883	145908.00000000	2.185788164933	0.076722036257	4.498610244427	200.000000000000	14
40.23032	-121.15289	0.20643229	137538.00000000	2.185788164933	0.076722036257	4.498610244427	200.000000000000	14
40.22058	-121.09817	0.29211191	133352.00000000	2.185788164933	0.076722036257	4.498610244427	200.000000000000	14
40.24667	-120.94042	0.00391755	163481.00000000	2.185788164933	0.076722036257	4.498610244427	200.000000000000	14
40.24667	-120.93208	0.00727545	163967.00000000	2.185788164933	0.076722036257	4.498610244427	200.000000000000	14
40.19042	-120.59750	0.00980201	194777.00000000	2.185788164933	0.076722036257	4.498610244427	200.000000000000	14
40.16417	-121.19042	0.00490290	125005.00000000	2.185788164933	0.076722036257	4.498610244427	200.000000000000	14
40.14459	-121.17386	0.03853388	119079.00000000	2.185788164933	0.076722036257	4.498610244427	200.000000000000	14
40.18340	-121.08917	0.01330537	132147.00000000	2.185788164933	0.076722036257	4.498610244427	200.000000000000	14
40.18286	-120.59229	0.01120354	194461.00000000	2.185788164933	0.076722036257	4.498610244427	200.000000000000	14
40.12167	-121.14750	0.00560682	118337.00000000	2.185788164933	0.076722036257	4.498610244427	200.000000000000	14
39.94042	-120.53500	0.01967608	189414.00000000	2.185788164933	0.076722036257	4.498610244427	200.000000000000	14
39.89120	-121.19387	0.02883317	91870.00000000	2.185788164933	0.076722036257	4.498610244427	200.000000000000	14
39.88493	-121.17601	0.04149134	93522.00000000	2.185788164933	0.076722036257	4.498610244427	200.000000000000	14
39.92041	-120.52072	0.14059079	184559.00000000	2.185788164933	0.076722036257	4.498610244427	200.000000000000	14
39.89472	-120.49134	0.05062690	181657.00000000	2.185788164933	0.076722036257	4.498610244427	200.000000000000	14
39.70167	-121.56542	0.00987257	27269.00000000	2.185788164933	0.076722036257	4.498610244427	200.000000000000	14
39.70730	-121.55725	0.01621743	26112.00000000	2.185788164933	0.076722036257	4.498610244427	200.000000000000	14
39.72705	-121.00917	0.01550788	72472.00000000	2.185788164933	0.076722036257	4.498610244427	200.000000000000	14
39.73206	-120.98270	0.04793048	74664.00000000	2.185788164933	0.076722036257	4.498610244427	200.000000000000	14
39.66727	-121.52468	0.05320051	13550.00000000	2.185788164933	0.076722036257	4.498610244427	200.000000000000	14
39.65868	-121.48331	0.07661830	12610.00000000	2.185788164933	0.076722036257	4.498610244427	200.000000000000	14
39.67612	-121.42429	0.01622475	24948.00000000	2.185788164933	0.076722036257	4.498610244427	200.000000000000	14
39.67667	-120.66000	0.01410837	155550.00000000	2.185788164933	0.076722036257	4.498610244427	200.000000000000	14
39.62167	-121.50083	0.00112957	12847.00000000	2.185788164933	0.076722036257	4.498610244427	200.000000000000	14
39.58543	-121.46788	0.14430352	4854.00000000	2.185788164933	0.076722036257	4.498610244427	200.000000000000	14
39.57624	-121.40605	0.03821860	7667.00000000	2.185788164933	0.076722036257	4.498610244427	200.000000000000	14
39.59125	-121.35153	0.03390192	15269.00000000	2.185788164933	0.076722036257	4.498610244427	200.000000000000	14
39.60083	-121.10750	0.03530962	50188.00000000	2.185788164933	0.076722036257	4.498610244427	200.000000000000	14
39.55053	-121.45923	0.09505732	1914.00000000	2.185788164933	0.076722036257	4.498610244427	200.000000000000	14
39.54952	-121.40908	0.05081186	7130.00000000	2.185788164933	0.076722036257	4.498610244427	200.000000000000	14
39.53773	-121.35371	0.04100110	14885.00000000	2.185788164933	0.076722036257	4.498610244427	200.000000000000	14
