   8.3321024e-01   8.2694065e-01
   7.6819545e-01   8.2135664e-01
   8.8490812e-01   8.5682457e-01
   7.6048410e-01   7.7435273e-01
   7.4501764e-01   7.7273932e-01
   7.7416546e-01   7.2586931e-01
   7.9492024e-01   7.8950502e-01
   8.5841236e-01   8.0308401e-01
   7.6707987e-01   7.9531120e-01
   8.0695443e-01   7.8339325e-01
   7.9064813e-01   8.2704783e-01
   7.8511305e-01   8.4505098e-01
   8.1293412e-01   8.3882856e-01
   7.1764657e-01   7.1942939e-01
   7.9491668e-01   7.6969493e-01
