-1.870940476655960083e-01
3.214590251445770264e-02
-1.444532126188278198e-01
-2.417512536048889160e-01
-3.123334646224975586e-01
-3.898690044879913330e-01
-1.839667409658432007e-01
-3.056742250919342041e-01
-3.496973216533660889e-01
-9.259696304798126221e-02
-3.471238315105438232e-01
-3.986555933952331543e-01
-4.738338887691497803e-01
-7.678883522748947144e-02
-1.999426335096359253e-01
-2.420414686203002930e-01
-2.051116228103637695e-01
-1.427194625139236450e-01
-1.121020987629890442e-01
1.755105406045913696e-01
-7.450494170188903809e-02
7.589911669492721558e-02
-5.098289251327514648e-02
-2.479409426450729370e-01
-3.233735263347625732e-01
-3.528232574462890625e-01
-2.997131943702697754e-01
-3.805346190929412842e-01
-4.741286039352416992e-01
-2.577646076679229736e-01
-1.432007551193237305e-01
-2.887349426746368408e-01
-1.341244727373123169e-01
-3.402524590492248535e-01
-8.043394982814788818e-02
-1.637708693742752075e-01
-1.975832581520080566e-01
-2.826431989669799805e-01
3.416986763477325439e-02
-2.583695650100708008e-01
-1.077554747462272644e-01
-2.564273476600646973e-01
-1.202087327837944031e-01
5.357642471790313721e-02
-1.936346739530563354e-01
-3.727622330188751221e-02
-1.062173172831535339e-01
-8.025009930133819580e-02
1.316788196563720703e-01
-7.837421447038650513e-02
-4.377119243144989014e-01
-3.410597443580627441e-01
-3.034268915653228760e-01
-9.244153648614883423e-02
-3.311571776866912842e-01
-4.260645210742950439e-01
-2.212692499160766602e-01
-4.167327284812927246e-02
1.052655931562185287e-02
-2.644363343715667725e-01
-1.878461986780166626e-01
-3.680683374404907227e-01
-1.593364030122756958e-01
-7.427156716585159302e-02
-6.490636616945266724e-02
-2.160379588603973389e-01
-1.299780011177062988e-01
-4.829860851168632507e-02
8.238831907510757446e-02
-2.564805150032043457e-01
-5.114015936851501465e-02
2.433382421731948853e-01
-2.485211044549942017e-01
-3.814535140991210938e-01
-2.697293758392333984e-01
-2.312177866697311401e-01
2.071007043123245239e-01
-1.154316291213035583e-01
-2.966210544109344482e-01
-1.356924027204513550e-01
-3.239977657794952393e-01
1.080774441361427307e-01
-3.210469484329223633e-01
-3.335616588592529297e-01
6.918550133705139160e-01
8.491756021976470947e-02
-4.408247768878936768e-01
-1.444024741649627686e-01
-4.081792235374450684e-01
-4.323284626007080078e-01
-4.300951957702636719e-01
1.859216205775737762e-02
-3.973891139030456543e-01
-1.467037107795476913e-02
4.309539683163166046e-03
-2.111610770225524902e-01
4.866108298301696777e-01
-4.459891319274902344e-01
-3.385683894157409668e-01
-2.067514695227146149e-02
-1.157859787344932556e-01
-1.341946274042129517e-01
-8.921958506107330322e-02
-3.035233318805694580e-01
2.082965075969696045e-01
-4.112568497657775879e-01
-3.457416892051696777e-01
-3.339523673057556152e-01
-2.677620649337768555e-01
-3.131406381726264954e-02
-1.576465666294097900e-01
-5.138476490974426270e-01
-1.796303540468215942e-01
-2.942246496677398682e-01
-3.330637812614440918e-01
4.536778852343559265e-02
9.131379425525665283e-02
-3.220551311969757080e-01
4.850533902645111084e-01
3.745269179344177246e-01
-2.058926969766616821e-01
-4.051624238491058350e-01
-5.358211696147918701e-02
-9.266926348209381104e-02
-1.117560416460037231e-01
-2.922821938991546631e-01
-1.238577216863632202e-01
-1.134108081459999084e-01
-3.952845036983489990e-01
-1.692570149898529053e-01
-1.003447175025939941e-01
-6.344689130783081055e-01
7.798212580382823944e-03
-3.315974771976470947e-01
3.344339132308959961e-02
-1.215192750096321106e-01
-2.609485685825347900e-01
-1.400448679924011230e-01
-2.875176370143890381e-01
-4.170540869235992432e-01
-4.620493948459625244e-01
-4.714857339859008789e-01
-3.964159190654754639e-01
-2.787688374519348145e-02
-1.316078156232833862e-01
-3.188809156417846680e-01
-2.917472422122955322e-01
-4.687274396419525146e-01
-1.658464670181274414e-01
-3.466733992099761963e-01
-2.212701588869094849e-01
-1.634147316217422485e-01
3.805534169077873230e-02
-2.504248023033142090e-01
-7.621835172176361084e-02
-3.686426579952239990e-01
-1.496847122907638550e-01
-2.153900414705276489e-01
-1.168940439820289612e-01
-1.038706302642822266e-01
-3.290963470935821533e-01
-3.757021129131317139e-01
-2.533005774021148682e-01
-2.580423951148986816e-01
-4.001694619655609131e-01
-6.285224556922912598e-01
-3.132016062736511230e-01
-7.424905151128768921e-02
-4.561534523963928223e-01
-1.105301361531019211e-02
-2.482896894216537476e-01
2.064362764358520508e-01
-3.848732113838195801e-01
-4.551148116588592529e-01
-4.122903347015380859e-01
-4.129620492458343506e-01
1.509403437376022339e-01
1.785954535007476807e-01
-1.514456272125244141e-01
-1.274676024913787842e-01
-3.281778991222381592e-01
1.148509159684181213e-01
-2.834127247333526611e-01
-3.358036577701568604e-01
6.729116663336753845e-03
-1.318064630031585693e-01
-4.632992446422576904e-01
1.393995285034179688e-01
2.175153940916061401e-01
-3.326587378978729248e-01
1.444651558995246887e-02
-1.319665014743804932e-01
-3.511509299278259277e-01
-1.119973957538604736e-01
-1.945331096649169922e-01
-1.732956767082214355e-01
1.690555512905120850e-01
-2.742875814437866211e-01
-4.521101117134094238e-01
-1.850323975086212158e-01
-2.158844023942947388e-01
-5.729257464408874512e-01
1.451217532157897949e-01
-1.894841343164443970e-01
-2.371907830238342285e-01
-8.406652510166168213e-02
-6.403572857379913330e-02
-3.875664770603179932e-01
-2.232497781515121460e-01
-2.078462690114974976e-01
1.964585632085800171e-01
2.452815920114517212e-01
-1.883187443017959595e-01
-2.232742756605148315e-01
2.894159257411956787e-01
-4.063035547733306885e-01
2.207261919975280762e-01
-1.264792978763580322e-01
-1.646285206079483032e-01
-8.472080342471599579e-03
-2.101353108882904053e-01
-1.297313272953033447e-01
-1.901168972253799438e-01
-2.505225539207458496e-01
-8.278924971818923950e-02
-3.562511205673217773e-01
-7.731480151414871216e-02
-3.537226021289825439e-01
-1.316021084785461426e-01
-5.404986739158630371e-01
5.662513151764869690e-02
4.497310519218444824e-02
-3.888969123363494873e-01
-3.925442695617675781e-01
-1.422076672315597534e-01
-1.748640239238739014e-01
-6.244511902332305908e-02
-2.053160965442657471e-01
-4.570942819118499756e-01
-4.244410693645477295e-01
-5.017449259757995605e-01
3.249411880970001221e-01
-2.076159864664077759e-01
8.264200389385223389e-02
4.443546757102012634e-02
5.931609869003295898e-02
-3.335101604461669922e-01
4.295096397399902344e-01
2.843519323505461216e-04
-3.158012628555297852e-01
-1.901303082704544067e-01
7.407550513744354248e-02
-3.276382088661193848e-01
6.430931389331817627e-02
-3.111191987991333008e-01
-2.161745280027389526e-01
2.888149738311767578e+00
3.006405591964721680e+00
3.165614604949951172e+00
3.128194808959960938e+00
2.386070489883422852e+00
2.873622179031372070e+00
2.838388442993164062e+00
2.550101995468139648e+00
2.284543991088867188e+00
3.153615713119506836e+00
2.941916704177856445e+00
2.966843605041503906e+00
2.416801214218139648e+00
3.351948976516723633e+00
2.960768222808837891e+00
2.657363891601562500e+00
2.800319910049438477e+00
2.801555633544921875e+00
3.034148454666137695e+00
3.206516742706298828e+00
2.939494132995605469e+00
3.020434617996215820e+00
3.059281587600708008e+00
2.749937534332275391e+00
2.744483709335327148e+00
2.658168554306030273e+00
2.400488138198852539e+00
3.116317987442016602e+00
2.327555656433105469e+00
2.981281757354736328e+00
3.239916801452636719e+00
2.801569461822509766e+00
3.011746406555175781e+00
2.997970581054687500e+00
2.644812345504760742e+00
2.904358148574829102e+00
3.052372217178344727e+00
2.756556987762451172e+00
2.977019071578979492e+00
2.834051370620727539e+00
3.161564826965332031e+00
2.934283256530761719e+00
3.085567235946655273e+00
2.912976980209350586e+00
3.231435060501098633e+00
2.945430278778076172e+00
3.241586446762084961e+00
2.954672336578369141e+00
3.205533742904663086e+00
3.172098636627197266e+00
2.268414258956909180e+00
2.411536216735839844e+00
2.653259754180908203e+00
2.971761703491210938e+00
3.083540201187133789e+00
2.643324136734008789e+00
2.939658403396606445e+00
3.043741226196289062e+00
3.042350769042968750e+00
2.867076635360717773e+00
2.971861839294433594e+00
2.810606956481933594e+00
2.970577001571655273e+00
2.708534240722656250e+00
2.934098243713378906e+00
3.097066640853881836e+00
3.025023698806762695e+00
3.026255369186401367e+00
3.122332572937011719e+00
2.688184499740600586e+00
2.496889352798461914e+00
3.252156496047973633e+00
2.709799289703369141e+00
2.206649541854858398e+00
2.907285690307617188e+00
2.950719833374023438e+00
2.824926376342773438e+00
2.803252220153808594e+00
2.828357219696044922e+00
3.225373983383178711e+00
2.665955305099487305e+00
3.068827390670776367e+00
2.780255317687988281e+00
3.088295221328735352e+00
3.295807838439941406e+00
3.145684480667114258e+00
3.098844051361083984e+00
3.241830110549926758e+00
2.780773162841796875e+00
2.701078653335571289e+00
2.820285081863403320e+00
3.127844095230102539e+00
3.047189712524414062e+00
2.916571617126464844e+00
2.949870109558105469e+00
2.753598451614379883e+00
2.863022565841674805e+00
2.520957946777343750e+00
2.948721647262573242e+00
2.922063350677490234e+00
2.814881563186645508e+00
2.906290769577026367e+00
2.906447410583496094e+00
2.827073574066162109e+00
3.271847009658813477e+00
2.927418231964111328e+00
2.673961877822875977e+00
2.534999132156372070e+00
2.762819528579711914e+00
3.126545429229736328e+00
3.036725282669067383e+00
2.510718822479248047e+00
3.214304924011230469e+00
2.742204666137695312e+00
2.442306041717529297e+00
2.992769956588745117e+00
2.954835414886474609e+00
3.091067314147949219e+00
3.264142751693725586e+00
3.445711374282836914e+00
3.050006151199340820e+00
2.635432004928588867e+00
3.090183973312377930e+00
2.947005033493041992e+00
3.292543888092041016e+00
3.084687709808349609e+00
2.741193771362304688e+00
2.901380300521850586e+00
2.532695531845092773e+00
3.040491342544555664e+00
2.831361770629882812e+00
3.235766887664794922e+00
2.961156368255615234e+00
2.517703533172607422e+00
3.082982540130615234e+00
3.135900259017944336e+00
3.002936124801635742e+00
2.821142673492431641e+00
3.183887958526611328e+00
2.441130638122558594e+00
2.694503545761108398e+00
2.885916233062744141e+00
3.190407991409301758e+00
3.097089767456054688e+00
2.919775247573852539e+00
2.969695568084716797e+00
2.842133998870849609e+00
2.981708288192749023e+00
2.928121566772460938e+00
3.121560811996459961e+00
2.830163717269897461e+00
3.078278303146362305e+00
3.225073337554931641e+00
2.543989658355712891e+00
2.907750844955444336e+00
3.245275497436523438e+00
2.809639215469360352e+00
2.586429119110107422e+00
3.044844627380371094e+00
3.026120662689208984e+00
2.466885089874267578e+00
2.735772848129272461e+00
3.127610206604003906e+00
2.752939939498901367e+00
2.694118261337280273e+00
3.019228219985961914e+00
2.497771739959716797e+00
3.162834882736206055e+00
2.840155601501464844e+00
3.033049106597900391e+00
2.830671310424804688e+00
3.349034070968627930e+00
3.033192157745361328e+00
2.882338285446166992e+00
2.557451486587524414e+00
2.995104789733886719e+00
3.493789196014404297e+00
3.131373405456542969e+00
2.888044595718383789e+00
2.782636642456054688e+00
2.322829246520996094e+00
3.048688888549804688e+00
2.792664051055908203e+00
2.691713333129882812e+00
3.126305341720581055e+00
3.009197950363159180e+00
3.078918695449829102e+00
3.216372489929199219e+00
3.278568029403686523e+00
2.835640430450439453e+00
3.199707508087158203e+00
3.065222024917602539e+00
2.803320646286010742e+00
2.681180238723754883e+00
3.216688632965087891e+00
3.331033945083618164e+00
3.120881080627441406e+00
3.038425922393798828e+00
3.121336698532104492e+00
3.019061565399169922e+00
3.147159576416015625e+00
2.560758590698242188e+00
2.822486162185668945e+00
2.902075529098510742e+00
2.757113695144653320e+00
2.536644697189331055e+00
2.860868215560913086e+00
2.806584835052490234e+00
2.670994758605957031e+00
2.905937671661376953e+00
3.039132356643676758e+00
3.321342468261718750e+00
2.827051162719726562e+00
2.981053352355957031e+00
3.004450798034667969e+00
2.402582406997680664e+00
2.947417020797729492e+00
3.100053548812866211e+00
2.900547504425048828e+00
3.044589996337890625e+00
2.713260173797607422e+00
3.329811096191406250e+00
2.640586137771606445e+00
2.705933809280395508e+00
3.076245546340942383e+00
2.534927845001220703e+00
2.667624235153198242e+00
2.595340013504028320e+00
3.058851003646850586e+00
2.706402301788330078e+00
2.923209428787231445e+00
3.210581302642822266e+00
2.462770223617553711e+00
2.562266588211059570e+00
3.084871768951416016e+00
3.068937540054321289e+00
3.062107563018798828e+00
3.000376224517822266e+00
2.829641819000244141e+00
2.588160276412963867e+00
2.690551280975341797e+00
3.260245323181152344e+00
2.687938213348388672e+00
3.095268726348876953e+00
3.012346744537353516e+00
2.927128553390502930e+00
2.928749084472656250e+00
3.291098356246948242e+00
3.177422046661376953e+00
3.036116123199462891e+00
2.974339008331298828e+00
3.184964179992675781e+00
2.771239757537841797e+00
3.197352886199951172e+00
2.577705860137939453e+00
3.183490991592407227e+00
-3.475361466407775879e-01
4.469431936740875244e-01
-2.841322422027587891e-01
-3.400904685258865356e-02
3.004686236381530762e-01
1.483484506607055664e-01
-3.636224195361137390e-02
-1.780469566583633423e-01
5.602771043777465820e-01
3.219309449195861816e-01
-4.711123928427696228e-02
9.114435315132141113e-02
5.946490168571472168e-02
-1.579918265342712402e-01
-1.287825703620910645e-01
5.272286757826805115e-02
3.683683872222900391e-01
-3.752500712871551514e-01
-2.468986809253692627e-01
8.897558599710464478e-02
-1.017105355858802795e-01
-3.136363625526428223e-01
-1.087221130728721619e-01
5.443846434354782104e-02
-4.502733051776885986e-02
-2.658608853816986084e-01
4.355343878269195557e-01
3.139849901199340820e-01
3.943738341331481934e-01
3.219888508319854736e-01
-2.232906818389892578e-01
-3.178092464804649353e-02
-2.838903293013572693e-02
-1.651436537504196167e-01
-8.859289437532424927e-02
-3.751833364367485046e-02
-1.784262806177139282e-01
-2.560414075851440430e-01
3.720935285091400146e-01
-4.201786816120147705e-01
1.103138402104377747e-01
-4.581003636121749878e-02
2.894267737865447998e-01
-3.955919742584228516e-01
4.544575139880180359e-02
1.852446645498275757e-01
3.419217169284820557e-01
1.047495827078819275e-01
-3.269134759902954102e-01
-4.854604974389076233e-02
-2.727187052369117737e-02
1.125757470726966858e-01
2.480830401182174683e-01
3.533727526664733887e-01
1.912118494510650635e-01
8.809031569398939610e-04
2.743515670299530029e-01
-2.513754963874816895e-01
3.645173609256744385e-01
-8.598709246143698692e-04
2.366214394569396973e-01
7.452063262462615967e-02
2.978413403034210205e-01
-2.179208546876907349e-01
-1.681613028049468994e-01
1.669312864542007446e-01
-3.896908760070800781e-01
1.742928922176361084e-01
-5.094166994094848633e-01
1.320975273847579956e-01
-4.434800446033477783e-01
-5.381098389625549316e-01
1.704895310103893280e-02
-4.849938452243804932e-01
1.371258050203323364e-01
-1.710933260619640350e-02
-3.183149099349975586e-01
-2.671024203300476074e-02
4.752875864505767822e-02
-3.451662063598632812e-01
1.508869826793670654e-01
1.220512837171554565e-01
3.050711005926132202e-03
-1.428870111703872681e-01
-5.783582925796508789e-01
4.909984469413757324e-01
-3.187904134392738342e-02
1.706120520830154419e-01
1.243490427732467651e-01
-4.137158766388893127e-02
-1.581466048955917358e-01
1.847759485244750977e-01
-9.466090053319931030e-02
-2.105613201856613159e-01
-2.057200223207473755e-01
2.748370766639709473e-01
3.306808769702911377e-01
-1.108263432979583740e-01
1.747702360153198242e-01
1.122268382459878922e-02
-1.222392097115516663e-01
-2.280296236276626587e-01
1.385224610567092896e-01
-1.483453065156936646e-01
-6.779456138610839844e-02
5.898632109165191650e-02
-1.163007766008377075e-01
-3.551955521106719971e-02
3.301382064819335938e-01
-3.079798817634582520e-02
-6.305300444364547729e-02
2.988189458847045898e-03
-2.363941073417663574e-01
1.282272487878799438e-02
-3.944170661270618439e-03
-2.126367576420307159e-02
7.513809204101562500e-02
-2.889071702957153320e-01
7.416597604751586914e-01
-3.555242121219635010e-01
-1.755745708942413330e-01
-6.375440955162048340e-02
2.617281377315521240e-01
3.549509048461914062e-01
-9.047220647335052490e-02
-1.073187217116355896e-01
-5.364433303475379944e-02
1.296148300170898438e-01
2.301841415464878082e-02
2.467324584722518921e-01
-1.354150027036666870e-01
1.799831241369247437e-01
2.928142845630645752e-01
3.943851962685585022e-02
1.987936794757843018e-01
-3.095632418990135193e-03
-9.507048130035400391e-02
2.299474924802780151e-01
1.031288728117942810e-01
-5.592911839485168457e-01
5.424902215600013733e-02
6.158862635493278503e-02
-1.921944133937358856e-02
-2.424398250877857208e-02
1.792654097080230713e-01
-2.687980532646179199e-01
-2.461970001459121704e-01
6.980844587087631226e-02
3.053393363952636719e-01
8.009771257638931274e-02
4.035492241382598877e-01
1.053964793682098389e-01
-9.488604962825775146e-02
1.371809393167495728e-01
1.696804165840148926e-01
-6.239907816052436829e-02
1.659609228372573853e-01
2.478580363094806671e-02
1.744049340486526489e-01
-1.234484463930130005e-01
1.928482204675674438e-02
2.441367506980895996e-01
-1.456607580184936523e-01
-1.216376498341560364e-01
3.288733214139938354e-02
1.124899163842201233e-01
6.107780151069164276e-03
-1.711220741271972656e-01
-1.487511843442916870e-01
7.383064180612564087e-02
-1.623417884111404419e-01
-2.058331519365310669e-01
3.334910571575164795e-01
-2.111763805150985718e-01
-1.191520988941192627e-01
-1.042234152555465698e-01
2.112408541142940521e-02
4.395054876804351807e-01
-1.834512650966644287e-01
-3.568632528185844421e-02
-3.948424458503723145e-01
-1.926933228969573975e-01
2.286410033702850342e-01
2.665564976632595062e-02
2.508519887924194336e-01
-3.749475181102752686e-01
4.889972135424613953e-02
1.860006600618362427e-01
-6.304959654808044434e-01
2.425637394189834595e-01
1.868671327829360962e-01
2.470333725214004517e-01
2.447753995656967163e-01
-1.533104926347732544e-01
-3.711795508861541748e-01
-2.987998425960540771e-01
4.047032892704010010e-01
2.745431102812290192e-02
9.366515278816223145e-02
6.927803158760070801e-02
-1.567731350660324097e-01
-2.981027960777282715e-02
-7.265857420861721039e-03
2.852916121482849121e-01
-8.694484084844589233e-02
1.825014799833297729e-01
-2.779328227043151855e-01
-2.184868231415748596e-02
-1.872263252735137939e-01
5.440926551818847656e-02
4.958542287349700928e-01
2.201452553272247314e-01
1.066211704164743423e-02
3.316634595394134521e-01
1.498084962368011475e-01
-5.526209622621536255e-02
2.672845125198364258e-01
1.178577989339828491e-01
-1.196394711732864380e-01
3.357985019683837891e-01
3.596498817205429077e-02
3.169957101345062256e-01
1.104957237839698792e-01
7.268644869327545166e-02
2.011870592832565308e-01
3.360930681228637695e-01
4.847064316272735596e-01
1.196348667144775391e-01
-2.069286555051803589e-01
-1.471341252326965332e-01
3.496347367763519287e-01
-1.643588691949844360e-01
-9.717301279306411743e-02
-1.690629720687866211e-01
7.262863218784332275e-02
-1.643110881559550762e-03
3.542597219347953796e-02
2.852349281311035156e-01
1.681732833385467529e-01
2.043512649834156036e-02
-1.539733111858367920e-01
-6.202090978622436523e-01
2.480237185955047607e-01
-3.306926786899566650e-01
1.084674894809722900e-01
1.944184303283691406e-01
-4.896906390786170959e-02
-5.433245897293090820e-01
-1.197731196880340576e-01
-3.246542215347290039e-01
-1.215457096695899963e-01
1.122586578130722046e-01
-7.005587965250015259e-02
-1.524593085050582886e-01
-2.748716250061988831e-02
1.814072877168655396e-01
-2.491474747657775879e-01
-6.168127059936523438e-01
-2.548063099384307861e-01
-3.383266627788543701e-01
3.398716822266578674e-02
-4.389861822128295898e-01
-2.013255208730697632e-01
-2.012118399143218994e-01
-3.176387846469879150e-01
-1.217327192425727844e-01
-3.424189984798431396e-01
-5.342509150505065918e-01
-2.913171648979187012e-01
-5.165640711784362793e-01
-3.420016765594482422e-01
-2.737392485141754150e-01
-2.092584036290645599e-02
-7.307649254798889160e-01
-2.185810655355453491e-01
-8.440801501274108887e-01
-7.802193164825439453e-01
8.751775324344635010e-02
-2.776791155338287354e-01
-4.131275713443756104e-01
-3.558041527867317200e-02
-5.815305709838867188e-01
-2.733341753482818604e-01
-2.413957566022872925e-02
-5.518830418586730957e-01
5.206572636961936951e-02
-2.206542938947677612e-01
-1.848518103361129761e-01
-1.669944971799850464e-01
-2.884649038314819336e-01
-8.164520859718322754e-01
-1.859849542379379272e-01
-3.817237615585327148e-01
-5.756660699844360352e-01
-6.964181661605834961e-01
-5.425107479095458984e-01
-2.030622810125350952e-01
-7.721418738365173340e-01
-1.672320663928985596e-01
-3.061218559741973877e-01
-2.848516702651977539e-01
-6.783229112625122070e-01
-7.531145960092544556e-02
-3.643368780612945557e-01
-2.598518729209899902e-01
-8.143202662467956543e-01
-4.338825047016143799e-01
-5.728116631507873535e-01
-3.694973886013031006e-01
-6.459439992904663086e-01
6.702292710542678833e-02
-2.449836581945419312e-01
-2.196641564369201660e-01
-5.760521888732910156e-01
2.592957019805908203e-01
-1.261229962110519409e-01
-5.409517288208007812e-01
-2.344837188720703125e-01
-2.249039858579635620e-01
-6.187534928321838379e-01
-5.885890722274780273e-01
-8.135896176099777222e-02
-3.738390505313873291e-01
-1.472540795803070068e-01
3.507386744022369385e-01
-1.086652874946594238e-01
6.657898426055908203e-02
-4.718841016292572021e-01
-1.530636101961135864e-01
-2.286083102226257324e-01
-5.787553191184997559e-01
-5.604186654090881348e-01
-4.659065306186676025e-01
-2.222148180007934570e-01
-3.874768912792205811e-01
-5.490664839744567871e-01
-5.750272274017333984e-01
-1.429397016763687134e-01
-5.658367276191711426e-01
-2.065687626600265503e-01
-2.142453491687774658e-01
-5.083227530121803284e-02
-6.412975490093231201e-02
-5.238393545150756836e-01
-5.079773068428039551e-01
-6.371526122093200684e-01
-4.648793637752532959e-01
-4.885766506195068359e-01
-2.936025848612189293e-03
-6.053319573402404785e-01
-7.053326368331909180e-01
-5.165020227432250977e-01
-1.822298020124435425e-01
-1.874464750289916992e-01
-5.443394780158996582e-01
-5.267933607101440430e-01
3.059208579361438751e-02
-3.355718851089477539e-01
-2.816179692745208740e-01
-4.030143320560455322e-01
-5.772098898887634277e-01
-3.046591579914093018e-01
3.074209094047546387e-01
-2.691349089145660400e-01
-5.370768904685974121e-01
-2.000645399093627930e-01
-5.213498473167419434e-01
-2.327449619770050049e-01
-7.018006443977355957e-01
-1.383222341537475586e-01
-3.789401799440383911e-02
-2.876476943492889404e-01
-7.017248272895812988e-01
-5.696613192558288574e-01
-2.464281469583511353e-01
-2.924377620220184326e-01
-2.476746030151844025e-02
-5.157270431518554688e-01
2.199812531471252441e-01
-1.216065213084220886e-01
-2.022313922643661499e-01
-1.962371915578842163e-01
-1.898851245641708374e-01
-7.700184732675552368e-02
-2.453660964965820312e-01
1.804165393114089966e-01
-3.110929131507873535e-01
1.960293799638748169e-01
-1.461216211318969727e-01
-2.098658531904220581e-01
1.203097216784954071e-02
-5.257210731506347656e-01
-3.508030474185943604e-01
-1.161178573966026306e-01
9.740211069583892822e-03
-1.402559727430343628e-01
-4.716753065586090088e-01
-1.658103466033935547e-01
9.666029363870620728e-02
-5.333961248397827148e-01
2.351794764399528503e-02
-2.822160422801971436e-01
-5.712373256683349609e-01
-2.901643216609954834e-01
-6.589943766593933105e-01
-2.026855796575546265e-01
-4.977699518203735352e-01
1.527471244335174561e-01
-3.828029036521911621e-01
-3.781868815422058105e-01
-3.462679386138916016e-01
-2.995036840438842773e-01
-7.758090496063232422e-01
-1.153154671192169189e-01
-1.313188672065734863e-02
-1.251851171255111694e-01
-3.657287955284118652e-01
5.320861935615539551e-03
-5.187702178955078125e-02
-1.759565621614456177e-01
-5.712002515792846680e-01
-1.894703805446624756e-01
-4.792194962501525879e-01
-3.133646249771118164e-01
-4.913201332092285156e-01
-8.942679166793823242e-01
3.180982172489166260e-02
-8.040841668844223022e-02
-9.927303344011306763e-02
-3.333479166030883789e-01
-4.139935672283172607e-01
-7.937741279602050781e-02
-6.268433928489685059e-01
8.287292718887329102e-02
-1.007225811481475830e-01
-4.284249246120452881e-02
-2.323250025510787964e-01
-2.021244019269943237e-01
-5.073904991149902344e-01
-6.209889054298400879e-01
-2.573070526123046875e-01
-1.331135183572769165e-01
-8.140704780817031860e-02
-2.568114697933197021e-01
2.904433012008666992e-01
-2.715405225753784180e-01
-6.462076902389526367e-01
-3.744909763336181641e-01
-2.676352858543395996e-01
-6.488754153251647949e-01
-3.136146664619445801e-01
-5.958222746849060059e-01
-9.525409340858459473e-02
-3.046016395092010498e-01
-2.231387794017791748e-01
-2.284430712461471558e-01
-1.893765032291412354e-01
-3.421059846878051758e-01
-4.155175089836120605e-01
3.728001192212104797e-02
-4.951268732547760010e-01
-4.601143300533294678e-01
-6.187921166419982910e-01
-3.717661201953887939e-01
-7.913956642150878906e-01
-3.313539177179336548e-02
1.312258541584014893e-01
-8.989666104316711426e-01
-1.813665330410003662e-01
-4.827820062637329102e-01
-3.310280144214630127e-01
-2.671746909618377686e-01
-2.102369666099548340e-01
2.068830132484436035e-01
-5.408607125282287598e-01
-5.314723253250122070e-01
-5.421127676963806152e-01
-3.611947298049926758e-01
-4.385798871517181396e-01
-4.289624691009521484e-01
4.666696488857269287e-02
-4.068561494350433350e-01
2.110627479851245880e-02
-8.149898797273635864e-02
-3.208659887313842773e-01
-2.576796412467956543e-01
6.918825954198837280e-02
-3.936594426631927490e-01
-6.425020843744277954e-02
-5.772112011909484863e-01
-2.203796952962875366e-01
-2.826134860515594482e-01
-2.597804665565490723e-01
-7.244989275932312012e-01
-1.702540963888168335e-01
-4.206355810165405273e-01
-6.607590913772583008e-01
-1.594674289226531982e-01
-2.518320381641387939e-01
1.545907929539680481e-02
-2.883190810680389404e-01
-1.116618439555168152e-01
-1.681971251964569092e-01
-1.882458627223968506e-01
-2.384064905345439911e-02
-2.812459766864776611e-01
-7.317576408386230469e-01
-3.165226280689239502e-01
1.280063763260841370e-03
-2.613453865051269531e-01
-3.428717255592346191e-01
-2.779503464698791504e-01
