   7.2510698e-01   7.6627133e-01
   7.5445202e-01   8.4809182e-01
   9.0773376e-01   8.2545367e-01
   8.3422991e-01   7.9045320e-01
   8.0591383e-01   7.9898794e-01
   8.3747063e-01   7.2871891e-01
   4.1902876e-01   7.5834187e-01
   8.3641478e-01   7.1254802e-01
   7.3629691e-01   7.8184856e-01
   8.0292626e-01   7.5568128e-01
   6.7622297e-01   7.2120138e-01
   6.9693902e-01   7.7379348e-01
   7.8427457e-01   7.6880040e-01
   7.5743369e-01   7.0371735e-01
   7.3029708e-01   5.8048037e-01
