35.76773	-118.45597	0.12448692	17024.00000000	16.004621325529	0.712540863913	5.000000000000	4000.000000000000	3
35.75520	-118.42441	0.01644397	15644.00000000	16.004621325529	0.712540863913	5.000000000000	4000.000000000000	3
35.75956	-118.20147	0.05481187	44673.00000000	16.004621325529	0.712540863913	5.000000000000	4000.000000000000	3
35.71430	-118.46554	0.24614103	6270.00000000	16.004621325529	0.712540863913	5.000000000000	4000.000000000000	3
35.71442	-118.40551	0.52684436	6903.00000000	16.004621325529	0.712540863913	5.000000000000	4000.000000000000	3
35.69919	-118.32835	0.14875250	15585.00000000	16.004621325529	0.712540863913	5.000000000000	4000.000000000000	3
35.70543	-118.28294	0.10591103	22187.00000000	16.004621325529	0.712540863913	5.000000000000	4000.000000000000	3
35.72213	-118.20733	0.16842648	32407.00000000	16.004621325529	0.712540863913	5.000000000000	4000.000000000000	3
35.73083	-118.18625	0.01174952	38224.00000000	16.004621325529	0.712540863913	5.000000000000	4000.000000000000	3
35.65583	-118.50083	0.00261346	6104.00000000	16.004621325529	0.712540863913	5.000000000000	4000.000000000000	3
35.66313	-118.46948	0.13131522	3634.00000000	16.004621325529	0.712540863913	5.000000000000	4000.000000000000	3
35.65984	-118.41446	0.26252153	4605.00000000	16.004621325529	0.712540863913	5.000000000000	4000.000000000000	3
35.68225	-118.34040	0.07067411	14051.00000000	16.004621325529	0.712540863913	5.000000000000	4000.000000000000	3
35.68625	-118.31125	0.00117561	21909.00000000	16.004621325529	0.712540863913	5.000000000000	4000.000000000000	3
35.61878	-118.42827	0.03399132	11355.00000000	16.004621325529	0.712540863913	5.000000000000	4000.000000000000	3
36.03503	-118.61859	0.00403319	70306.00000000	16.004621325529	0.712540863913	5.000000000000	4000.000000000000	7
35.98379	-118.65355	0.06651135	68517.00000000	16.004621325529	0.712540863913	5.000000000000	4000.000000000000	7
35.97697	-118.61446	0.10386032	65360.00000000	16.004621325529	0.712540863913	5.000000000000	4000.000000000000	7
35.93208	-118.60167	0.03216483	65529.00000000	16.004621325529	0.712540863913	5.000000000000	4000.000000000000	7
35.94809	-118.47383	0.11456752	44265.00000000	16.004621325529	0.712540863913	5.000000000000	4000.000000000000	6
35.92250	-118.50083	0.00260471	41897.00000000	16.004621325529	0.712540863913	5.000000000000	4000.000000000000	6
35.91041	-118.46512	0.33267736	32993.00000000	16.004621325529	0.712540863913	5.000000000000	4000.000000000000	6
35.87583	-118.43625	0.00078187	36087.00000000	16.004621325529	0.712540863913	5.000000000000	4000.000000000000	6
35.84596	-118.44810	0.24183941	23975.00000000	16.004621325529	0.712540863913	5.000000000000	4000.000000000000	6
35.83703	-118.43496	0.03845208	24924.00000000	16.004621325529	0.712540863913	5.000000000000	4000.000000000000	6
35.79642	-118.44255	0.05622676	18814.00000000	16.004621325529	0.712540863913	5.000000000000	4000.000000000000	6
35.79123	-118.43063	0.08596730	16963.00000000	16.004621325529	0.712540863913	5.000000000000	4000.000000000000	6
35.75847	-118.53049	0.06264060	16842.00000000	16.004621325529	0.712540863913	5.000000000000	4000.000000000000	3
35.69875	-118.56542	0.01920011	16503.00000000	16.004621325529	0.712540863913	5.000000000000	4000.000000000000	3
35.71707	-118.53041	0.67296059	8574.00000000	16.004621325529	0.712540863913	5.000000000000	4000.000000000000	3
35.71190	-118.49415	0.10522531	6589.00000000	16.004621325529	0.712540863913	5.000000000000	4000.000000000000	3
35.69458	-118.13000	0.02664436	44458.00000000	16.004621325529	0.712540863913	5.000000000000	4000.000000000000	3
35.69236	-118.10238	0.08566480	45839.00000000	16.004621325529	0.712540863913	5.000000000000	4000.000000000000	3
35.66245	-118.57542	0.19613430	14984.00000000	16.004621325529	0.712540863913	5.000000000000	4000.000000000000	3
35.66760	-118.53306	0.45300386	6104.00000000	16.004621325529	0.712540863913	5.000000000000	4000.000000000000	3
35.65648	-118.46768	0.11734224	1358.00000000	16.004621325529	0.712540863913	5.000000000000	4000.000000000000	3
35.63537	-118.38783	0.08678626	9846.00000000	16.004621325529	0.712540863913	5.000000000000	4000.000000000000	3
35.62583	-118.36750	0.00470600	14591.00000000	16.004621325529	0.712540863913	5.000000000000	4000.000000000000	3
35.65379	-118.14752	0.46523379	38639.00000000	16.004621325529	0.712540863913	5.000000000000	4000.000000000000	3
35.65645	-118.09479	0.68444788	45200.00000000	16.004621325529	0.712540863913	5.000000000000	4000.000000000000	3
35.64814	-118.05324	0.08428220	62617.00000000	16.004621325529	0.712540863913	5.000000000000	4000.000000000000	3
35.60480	-118.39877	0.24229784	12259.00000000	16.004621325529	0.712540863913	5.000000000000	4000.000000000000	3
35.59496	-118.34134	0.52938176	14815.00000000	16.004621325529	0.712540863913	5.000000000000	4000.000000000000	3
35.58739	-118.30336	0.15836657	23188.00000000	16.004621325529	0.712540863913	5.000000000000	4000.000000000000	3
35.59932	-118.14747	0.36693297	41467.00000000	16.004621325529	0.712540863913	5.000000000000	4000.000000000000	3
35.61016	-118.11293	0.09623002	48546.00000000	16.004621325529	0.712540863913	5.000000000000	4000.000000000000	3
35.52724	-118.32794	0.29399272	46759.00000000	16.004621325529	0.712540863913	5.000000000000	4000.000000000000	3
35.52822	-118.28696	0.57961001	42707.00000000	16.004621325529	0.712540863913	5.000000000000	4000.000000000000	3
35.50083	-118.24667	0.00209482	49303.00000000	16.004621325529	0.712540863913	5.000000000000	4000.000000000000	3
35.46579	-118.33443	0.49645172	69171.00000000	16.004621325529	0.712540863913	5.000000000000	4000.000000000000	3
35.47130	-118.28330	0.65422030	49434.00000000	16.004621325529	0.712540863913	5.000000000000	4000.000000000000	3
35.46973	-118.24410	0.06902226	49488.00000000	16.004621325529	0.712540863913	5.000000000000	4000.000000000000	3
35.42932	-118.33469	0.12031304	75783.00000000	16.004621325529	0.712540863913	5.000000000000	4000.000000000000	3
35.42810	-118.29882	0.06644030	76083.00000000	16.004621325529	0.712540863913	5.000000000000	4000.000000000000	3
35.78314	-118.44999	0.06131877	18235.00000000	16.004621325529	0.712540863913	5.000000000000	4000.000000000000	1
35.76228	-118.42897	0.05872408	14618.00000000	16.004621325529	0.712540863913	5.000000000000	4000.000000000000	1
35.75083	-118.30583	0.00261035	33807.00000000	16.004621325529	0.712540863913	5.000000000000	4000.000000000000	1
35.75083	-118.19042	0.00182724	43816.00000000	16.004621325529	0.712540863913	5.000000000000	4000.000000000000	1
35.75707	-118.13864	0.05089643	43238.00000000	16.004621325529	0.712540863913	5.000000000000	4000.000000000000	1
35.75931	-118.09489	0.13963909	48415.00000000	16.004621325529	0.712540863913	5.000000000000	4000.000000000000	1
35.75083	-118.06125	0.00078310	55228.00000000	16.004621325529	0.712540863913	5.000000000000	4000.000000000000	1
35.70795	-118.45244	0.09271728	6158.00000000	16.004621325529	0.712540863913	5.000000000000	4000.000000000000	1
35.72715	-118.42354	0.11410532	9041.00000000	16.004621325529	0.712540863913	5.000000000000	4000.000000000000	1
35.70513	-118.35124	0.09742459	13163.00000000	16.004621325529	0.712540863913	5.000000000000	4000.000000000000	1
35.71075	-118.29109	0.27862814	22018.00000000	16.004621325529	0.712540863913	5.000000000000	4000.000000000000	1
35.70136	-118.21682	0.20138348	28975.00000000	16.004621325529	0.712540863913	5.000000000000	4000.000000000000	1
35.72682	-118.15731	0.36817590	37006.00000000	16.004621325529	0.712540863913	5.000000000000	4000.000000000000	1
35.73089	-118.09959	0.25456545	46772.00000000	16.004621325529	0.712540863913	5.000000000000	4000.000000000000	1
35.70167	-118.05714	0.02925395	55343.00000000	16.004621325529	0.712540863913	5.000000000000	4000.000000000000	1
35.66622	-118.47330	0.08936743	131.00000000	16.004621325529	0.712540863913	5.000000000000	4000.000000000000	1
35.64550	-118.40072	0.12889099	6356.00000000	16.004621325529	0.712540863913	5.000000000000	4000.000000000000	1
35.65468	-118.34497	0.63297682	11462.00000000	16.004621325529	0.712540863913	5.000000000000	4000.000000000000	1
35.66044	-118.27844	0.54097159	19602.00000000	16.004621325529	0.712540863913	5.000000000000	4000.000000000000	1
35.66284	-118.22729	0.18945276	28134.00000000	16.004621325529	0.712540863913	5.000000000000	4000.000000000000	1
35.68083	-118.06542	0.00914425	62857.00000000	16.004621325529	0.712540863913	5.000000000000	4000.000000000000	1
35.68185	-118.05685	0.02090086	60773.00000000	16.004621325529	0.712540863913	5.000000000000	4000.000000000000	1
35.61482	-118.41298	0.07321538	11425.00000000	16.004621325529	0.712540863913	5.000000000000	4000.000000000000	1
35.62032	-118.33832	0.05098514	15889.00000000	16.004621325529	0.712540863913	5.000000000000	4000.000000000000	1
35.58933	-118.26384	0.19749053	24357.00000000	16.004621325529	0.712540863913	5.000000000000	4000.000000000000	1
35.59066	-118.22972	0.27315063	32609.00000000	16.004621325529	0.712540863913	5.000000000000	4000.000000000000	1
35.56542	-118.17375	0.03021961	49642.00000000	16.004621325529	0.712540863913	5.000000000000	4000.000000000000	1
35.55440	-118.26036	0.04396183	40994.00000000	16.004621325529	0.712540863913	5.000000000000	4000.000000000000	1
35.54000	-118.21624	0.33046289	40956.00000000	16.004621325529	0.712540863913	5.000000000000	4000.000000000000	1
35.55853	-118.16893	0.02603781	49364.00000000	16.004621325529	0.712540863913	5.000000000000	4000.000000000000	1
35.49667	-118.21000	0.02094927	53554.00000000	16.004621325529	0.712540863913	5.000000000000	4000.000000000000	1
36.07222	-118.13517	0.07149210	96908.00000000	16.004621325529	0.712540863913	5.000000000000	4000.000000000000	1
36.08500	-118.12167	0.02079475	99068.00000000	16.004621325529	0.712540863913	5.000000000000	4000.000000000000	1
36.00476	-118.19965	0.04475156	88838.00000000	16.004621325529	0.712540863913	5.000000000000	4000.000000000000	1
36.02682	-118.14737	0.46695197	87803.00000000	16.004621325529	0.712540863913	5.000000000000	4000.000000000000	1
36.02126	-118.09705	0.46300131	90072.00000000	16.004621325529	0.712540863913	5.000000000000	4000.000000000000	1
36.01146	-118.04941	0.09571800	99129.00000000	16.004621325529	0.712540863913	5.000000000000	4000.000000000000	1
35.99393	-118.19988	0.06063868	86732.00000000	16.004621325529	0.712540863913	5.000000000000	4000.000000000000	1
35.97388	-118.14317	0.27256654	78478.00000000	16.004621325529	0.712540863913	5.000000000000	4000.000000000000	1
35.96875	-118.09375	0.73214490	83255.00000000	16.004621325529	0.712540863913	5.000000000000	4000.000000000000	1
35.96843	-118.03536	0.61195740	82580.00000000	16.004621325529	0.712540863913	5.000000000000	4000.000000000000	1
35.94042	-117.99667	0.00729153	82542.00000000	16.004621325529	0.712540863913	5.000000000000	4000.000000000000	1
35.92832	-118.13655	0.08543285	77861.00000000	16.004621325529	0.712540863913	5.000000000000	4000.000000000000	1
35.91435	-118.08811	0.49097509	73256.00000000	16.004621325529	0.712540863913	5.000000000000	4000.000000000000	1
35.90625	-118.03125	0.73272405	74578.00000000	16.004621325529	0.712540863913	5.000000000000	4000.000000000000	1
35.90701	-117.99318	0.13413491	75380.00000000	16.004621325529	0.712540863913	5.000000000000	4000.000000000000	1
35.85083	-118.06542	0.05292341	66468.00000000	16.004621325529	0.712540863913	5.000000000000	4000.000000000000	1
35.84482	-118.03174	0.66629907	64393.00000000	16.004621325529	0.712540863913	5.000000000000	4000.000000000000	1
35.87167	-117.99250	0.01681155	74818.00000000	16.004621325529	0.712540863913	5.000000000000	4000.000000000000	1
35.78798	-118.08267	0.18393314	54008.00000000	16.004621325529	0.712540863913	5.000000000000	4000.000000000000	1
35.78341	-118.03089	0.53268659	56376.00000000	16.004621325529	0.712540863913	5.000000000000	4000.000000000000	1
35.72050	-118.01342	0.24128843	60430.00000000	16.004621325529	0.712540863913	5.000000000000	4000.000000000000	1
35.70155	-117.99477	0.04936238	66346.00000000	16.004621325529	0.712540863913	5.000000000000	4000.000000000000	1
35.68218	-118.01606	0.03200507	64176.00000000	16.004621325529	0.712540863913	5.000000000000	4000.000000000000	1
35.68625	-117.99667	0.00195935	66924.00000000	16.004621325529	0.712540863913	5.000000000000	4000.000000000000	1
35.76000	-118.19042	0.01827033	44002.00000000	16.004621325529	0.712540863913	5.000000000000	4000.000000000000	16
35.76152	-118.15713	0.18008707	42768.00000000	16.004621325529	0.712540863913	5.000000000000	4000.000000000000	16
35.76657	-118.09284	0.17356092	49294.00000000	16.004621325529	0.712540863913	5.000000000000	4000.000000000000	16
35.76353	-118.05012	0.10308392	55113.00000000	16.004621325529	0.712540863913	5.000000000000	4000.000000000000	16
35.69192	-118.20026	0.04297009	32500.00000000	16.004621325529	0.712540863913	5.000000000000	4000.000000000000	16
35.71122	-118.15611	0.32787628	36875.00000000	16.004621325529	0.712540863913	5.000000000000	4000.000000000000	16
35.71664	-118.08810	0.39419780	48817.00000000	16.004621325529	0.712540863913	5.000000000000	4000.000000000000	16
35.71857	-118.03992	0.45060224	55305.00000000	16.004621325529	0.712540863913	5.000000000000	4000.000000000000	16
35.63000	-118.31958	0.02666592	20305.00000000	16.004621325529	0.712540863913	5.000000000000	4000.000000000000	16
35.64432	-118.28894	0.19289669	20250.00000000	16.004621325529	0.712540863913	5.000000000000	4000.000000000000	16
35.65396	-118.21578	0.54558993	27834.00000000	16.004621325529	0.712540863913	5.000000000000	4000.000000000000	16
35.66048	-118.17129	0.26981144	37214.00000000	16.004621325529	0.712540863913	5.000000000000	4000.000000000000	16
35.68625	-118.06542	0.00274309	63304.00000000	16.004621325529	0.712540863913	5.000000000000	4000.000000000000	16
35.66846	-118.03900	0.22877814	60904.00000000	16.004621325529	0.712540863913	5.000000000000	4000.000000000000	16
35.62167	-118.31958	0.01777947	22628.00000000	16.004621325529	0.712540863913	5.000000000000	4000.000000000000	16
35.59870	-118.28108	0.37975183	24357.00000000	16.004621325529	0.712540863913	5.000000000000	4000.000000000000	16
35.59558	-118.21227	0.46246083	32832.00000000	16.004621325529	0.712540863913	5.000000000000	4000.000000000000	16
35.59056	-118.16509	0.33006705	40828.00000000	16.004621325529	0.712540863913	5.000000000000	4000.000000000000	16
35.53780	-118.26000	0.11255049	42145.00000000	16.004621325529	0.712540863913	5.000000000000	4000.000000000000	16
35.52424	-118.22066	0.40367792	42730.00000000	16.004621325529	0.712540863913	5.000000000000	4000.000000000000	16
35.52919	-118.15971	0.60291787	49172.00000000	16.004621325529	0.712540863913	5.000000000000	4000.000000000000	16
35.48083	-118.25083	0.00261917	61300.00000000	16.004621325529	0.712540863913	5.000000000000	4000.000000000000	16
35.47230	-118.21334	0.53230763	53870.00000000	16.004621325529	0.712540863913	5.000000000000	4000.000000000000	16
35.47357	-118.16772	0.40940189	56193.00000000	16.004621325529	0.712540863913	5.000000000000	4000.000000000000	16
35.43625	-118.19458	0.00262071	62466.00000000	16.004621325529	0.712540863913	5.000000000000	4000.000000000000	16
35.43625	-118.18208	0.00497923	63470.00000000	16.004621325529	0.712540863913	5.000000000000	4000.000000000000	16
35.50083	-118.35583	0.00261852	74233.00000000	16.004621325529	0.712540863913	5.000000000000	4000.000000000000	3
35.45583	-118.37583	0.00026201	81113.00000000	16.004621325529	0.712540863913	5.000000000000	4000.000000000000	3
35.47573	-118.35802	0.11996379	73986.00000000	16.004621325529	0.712540863913	5.000000000000	4000.000000000000	3
36.33917	-118.10583	0.03070178	151696.00000000	16.004621325529	0.712540863913	5.000000000000	4000.000000000000	1
36.27250	-118.12583	0.00259313	148200.00000000	16.004621325529	0.712540863913	5.000000000000	4000.000000000000	1
36.27250	-118.12167	0.00881658	148385.00000000	16.004621325529	0.712540863913	5.000000000000	4000.000000000000	1
36.27554	-118.51504	0.29872371	96125.00000000	16.004621325529	0.712540863913	5.000000000000	4000.000000000000	3
36.27201	-118.49323	0.11875306	96966.00000000	16.004621325529	0.712540863913	5.000000000000	4000.000000000000	3
36.23460	-118.51899	0.21741179	91619.00000000	16.004621325529	0.712540863913	5.000000000000	4000.000000000000	3
36.23019	-118.46588	0.26126514	86449.00000000	16.004621325529	0.712540863913	5.000000000000	4000.000000000000	3
36.20249	-118.40039	0.08227225	86567.00000000	16.004621325529	0.712540863913	5.000000000000	4000.000000000000	3
36.20575	-118.34836	0.16947522	87685.00000000	16.004621325529	0.712540863913	5.000000000000	4000.000000000000	3
36.15839	-118.38994	0.33503542	80156.00000000	16.004621325529	0.712540863913	5.000000000000	4000.000000000000	3
36.15974	-118.36390	0.24017805	84330.00000000	16.004621325529	0.712540863913	5.000000000000	4000.000000000000	3
36.11863	-118.38248	0.03845492	83010.00000000	16.004621325529	0.712540863913	5.000000000000	4000.000000000000	3
36.11671	-118.36475	0.05508209	84700.00000000	16.004621325529	0.712540863913	5.000000000000	4000.000000000000	3
36.06542	-118.50083	0.00181999	66868.00000000	16.004621325529	0.712540863913	5.000000000000	4000.000000000000	3
36.06542	-118.49667	0.00727998	65526.00000000	16.004621325529	0.712540863913	5.000000000000	4000.000000000000	3
36.02285	-118.58174	0.34546919	64471.00000000	16.004621325529	0.712540863913	5.000000000000	4000.000000000000	3
36.03126	-118.53641	0.46714862	58984.00000000	16.004621325529	0.712540863913	5.000000000000	4000.000000000000	3
36.05647	-118.49299	0.02652243	64091.00000000	16.004621325529	0.712540863913	5.000000000000	4000.000000000000	3
35.95583	-118.62583	0.00130177	68926.00000000	16.004621325529	0.712540863913	5.000000000000	4000.000000000000	3
35.96807	-118.58786	0.56949496	60291.00000000	16.004621325529	0.712540863913	5.000000000000	4000.000000000000	3
35.97394	-118.54201	0.41840661	48346.00000000	16.004621325529	0.712540863913	5.000000000000	4000.000000000000	3
35.91319	-118.57426	0.14080540	51193.00000000	16.004621325529	0.712540863913	5.000000000000	4000.000000000000	3
35.89602	-118.55162	0.09757827	39969.00000000	16.004621325529	0.712540863913	5.000000000000	4000.000000000000	3
35.89332	-118.47820	0.16883786	33441.00000000	16.004621325529	0.712540863913	5.000000000000	4000.000000000000	3
35.84540	-118.57025	0.15555829	37215.00000000	16.004621325529	0.712540863913	5.000000000000	4000.000000000000	3
35.84877	-118.52782	0.33436845	29161.00000000	16.004621325529	0.712540863913	5.000000000000	4000.000000000000	3
35.84266	-118.47891	0.49145636	23866.00000000	16.004621325529	0.712540863913	5.000000000000	4000.000000000000	3
35.82326	-118.33489	0.18763708	35186.00000000	16.004621325529	0.712540863913	5.000000000000	4000.000000000000	3
35.81971	-118.29194	0.04629255	42866.00000000	16.004621325529	0.712540863913	5.000000000000	4000.000000000000	3
35.82087	-118.23546	0.08423578	55382.00000000	16.004621325529	0.712540863913	5.000000000000	4000.000000000000	3
35.79118	-118.57200	0.10566372	35195.00000000	16.004621325529	0.712540863913	5.000000000000	4000.000000000000	3
35.79575	-118.52375	0.14609823	28104.00000000	16.004621325529	0.712540863913	5.000000000000	4000.000000000000	3
35.78419	-118.47543	0.44800012	13959.00000000	16.004621325529	0.712540863913	5.000000000000	4000.000000000000	3
35.78500	-118.37583	0.01043691	20613.00000000	16.004621325529	0.712540863913	5.000000000000	4000.000000000000	3
35.78694	-118.34317	0.54024408	20744.00000000	16.004621325529	0.712540863913	5.000000000000	4000.000000000000	3
35.78183	-118.27762	0.52253502	34836.00000000	16.004621325529	0.712540863913	5.000000000000	4000.000000000000	3
35.78942	-118.24060	0.17922082	50508.00000000	16.004621325529	0.712540863913	5.000000000000	4000.000000000000	3
35.73685	-118.47181	0.21932647	10185.00000000	16.004621325529	0.712540863913	5.000000000000	4000.000000000000	3
35.74250	-118.26000	0.04699119	34050.00000000	16.004621325529	0.712540863913	5.000000000000	4000.000000000000	3
36.19337	-118.47007	0.09343032	83093.00000000	16.004621325529	0.712540863913	5.000000000000	4000.000000000000	7
36.15240	-118.51492	0.25194357	78626.00000000	16.004621325529	0.712540863913	5.000000000000	4000.000000000000	7
36.16369	-118.47254	0.48038865	72739.00000000	16.004621325529	0.712540863913	5.000000000000	4000.000000000000	7
36.16265	-118.43379	0.02856149	77740.00000000	16.004621325529	0.712540863913	5.000000000000	4000.000000000000	7
36.11669	-118.46497	0.08055210	69182.00000000	16.004621325529	0.712540863913	5.000000000000	4000.000000000000	7
35.90167	-118.56542	0.01771723	50455.00000000	16.004621325529	0.712540863913	5.000000000000	4000.000000000000	7
35.89168	-118.52659	0.27361185	39893.00000000	16.004621325529	0.712540863913	5.000000000000	4000.000000000000	7
35.89535	-118.49304	0.08077109	38110.00000000	16.004621325529	0.712540863913	5.000000000000	4000.000000000000	7
35.83955	-118.53413	0.39891807	30350.00000000	16.004621325529	0.712540863913	5.000000000000	4000.000000000000	7
35.78917	-118.56542	0.01826363	35550.00000000	16.004621325529	0.712540863913	5.000000000000	4000.000000000000	7
35.78092	-118.53249	0.50415445	16241.00000000	16.004621325529	0.712540863913	5.000000000000	4000.000000000000	7
35.76750	-118.49667	0.04384467	16110.00000000	16.004621325529	0.712540863913	5.000000000000	4000.000000000000	7
35.74667	-118.52053	0.02297227	15368.00000000	16.004621325529	0.712540863913	5.000000000000	4000.000000000000	7
35.74667	-118.49667	0.00835355	15176.00000000	16.004621325529	0.712540863913	5.000000000000	4000.000000000000	7
36.45217	-118.27591	0.22637555	138846.00000000	16.004621325529	0.712540863913	5.000000000000	4000.000000000000	16
36.45840	-118.24378	0.03362937	142333.00000000	16.004621325529	0.712540863913	5.000000000000	4000.000000000000	16
36.38627	-118.31893	0.05748486	122554.00000000	16.004621325529	0.712540863913	5.000000000000	4000.000000000000	16
36.39981	-118.27936	0.50350520	124474.00000000	16.004621325529	0.712540863913	5.000000000000	4000.000000000000	16
36.38796	-118.21868	0.26796138	149456.00000000	16.004621325529	0.712540863913	5.000000000000	4000.000000000000	16
36.40145	-118.16336	0.27517896	150629.00000000	16.004621325529	0.712540863913	5.000000000000	4000.000000000000	16
36.35908	-118.32030	0.05258196	122937.00000000	16.004621325529	0.712540863913	5.000000000000	4000.000000000000	16
36.35374	-118.27763	0.44430925	124896.00000000	16.004621325529	0.712540863913	5.000000000000	4000.000000000000	16
36.35090	-118.21876	0.55299229	141285.00000000	16.004621325529	0.712540863913	5.000000000000	4000.000000000000	16
36.34314	-118.15693	0.70438759	141131.00000000	16.004621325529	0.712540863913	5.000000000000	4000.000000000000	16
36.33208	-118.11750	0.09897510	149181.00000000	16.004621325529	0.712540863913	5.000000000000	4000.000000000000	16
36.30708	-118.19042	0.01179361	140390.00000000	16.004621325529	0.712540863913	5.000000000000	4000.000000000000	16
36.30136	-118.15090	0.23009072	139734.00000000	16.004621325529	0.712540863913	5.000000000000	4000.000000000000	16
36.30802	-118.11999	0.01373748	146001.00000000	16.004621325529	0.712540863913	5.000000000000	4000.000000000000	16
36.44100	-118.26231	0.03156753	138623.00000000	16.004621325529	0.712540863913	5.000000000000	4000.000000000000	16
36.44418	-118.23221	0.09223338	140821.00000000	16.004621325529	0.712540863913	5.000000000000	4000.000000000000	16
36.42699	-118.26269	0.10041930	136146.00000000	16.004621325529	0.712540863913	5.000000000000	4000.000000000000	16
36.41571	-118.22053	0.41944343	139942.00000000	16.004621325529	0.712540863913	5.000000000000	4000.000000000000	16
36.41450	-118.17578	0.09835869	155806.00000000	16.004621325529	0.712540863913	5.000000000000	4000.000000000000	16
36.33796	-118.57967	0.23823658	109141.00000000	16.004621325529	0.712540863913	5.000000000000	4000.000000000000	16
36.33500	-118.56125	0.00777316	108956.00000000	16.004621325529	0.712540863913	5.000000000000	4000.000000000000	16
36.31542	-118.35167	0.01814193	113062.00000000	16.004621325529	0.712540863913	5.000000000000	4000.000000000000	16
36.28213	-118.59044	0.43859540	101270.00000000	16.004621325529	0.712540863913	5.000000000000	4000.000000000000	16
36.27710	-118.55720	0.10760016	99411.00000000	16.004621325529	0.712540863913	5.000000000000	4000.000000000000	16
36.28178	-118.33543	0.34925545	97135.00000000	16.004621325529	0.712540863913	5.000000000000	4000.000000000000	16
36.27050	-118.28533	0.42653877	99327.00000000	16.004621325529	0.712540863913	5.000000000000	4000.000000000000	16
36.25971	-118.21062	0.15378944	108113.00000000	16.004621325529	0.712540863913	5.000000000000	4000.000000000000	16
36.26895	-118.16392	0.27098877	131304.00000000	16.004621325529	0.712540863913	5.000000000000	4000.000000000000	16
36.24667	-118.55583	0.01037595	99241.00000000	16.004621325529	0.712540863913	5.000000000000	4000.000000000000	16
36.22297	-118.32080	0.13169231	92817.00000000	16.004621325529	0.712540863913	5.000000000000	4000.000000000000	16
36.21823	-118.28008	0.68520983	93952.00000000	16.004621325529	0.712540863913	5.000000000000	4000.000000000000	16
36.22805	-118.23517	0.26775048	107310.00000000	16.004621325529	0.712540863913	5.000000000000	4000.000000000000	16
36.18625	-118.31542	0.00272579	92539.00000000	16.004621325529	0.712540863913	5.000000000000	4000.000000000000	16
36.15764	-118.27290	0.24660955	93341.00000000	16.004621325529	0.712540863913	5.000000000000	4000.000000000000	16
36.07841	-118.38745	0.07850650	72624.00000000	16.004621325529	0.712540863913	5.000000000000	4000.000000000000	16
36.07275	-118.34373	0.10736398	90625.00000000	16.004621325529	0.712540863913	5.000000000000	4000.000000000000	16
36.09268	-118.28972	0.38857050	94891.00000000	16.004621325529	0.712540863913	5.000000000000	4000.000000000000	16
36.05621	-118.37781	0.00988152	73675.00000000	16.004621325529	0.712540863913	5.000000000000	4000.000000000000	16
36.04107	-118.34238	0.40494562	75548.00000000	16.004621325529	0.712540863913	5.000000000000	4000.000000000000	16
36.04771	-118.29384	0.09232478	96611.00000000	16.004621325529	0.712540863913	5.000000000000	4000.000000000000	16
35.94247	-118.40619	0.05389873	59323.00000000	16.004621325529	0.712540863913	5.000000000000	4000.000000000000	16
35.95783	-118.34379	0.42238588	53810.00000000	16.004621325529	0.712540863913	5.000000000000	4000.000000000000	16
35.95473	-118.29214	0.15504395	93408.00000000	16.004621325529	0.712540863913	5.000000000000	4000.000000000000	16
35.92667	-118.44042	0.01823198	40817.00000000	16.004621325529	0.712540863913	5.000000000000	4000.000000000000	16
35.90883	-118.40574	0.54577817	36582.00000000	16.004621325529	0.712540863913	5.000000000000	4000.000000000000	16
35.91662	-118.34860	0.33360356	39599.00000000	16.004621325529	0.712540863913	5.000000000000	4000.000000000000	16
35.92874	-118.30020	0.08581972	77787.00000000	16.004621325529	0.712540863913	5.000000000000	4000.000000000000	16
35.86121	-118.38896	0.15328246	35540.00000000	16.004621325529	0.712540863913	5.000000000000	4000.000000000000	16
35.86176	-118.36813	0.05526066	39314.00000000	16.004621325529	0.712540863913	5.000000000000	4000.000000000000	16
36.37583	-118.53083	0.00776908	112599.00000000	16.004621325529	0.712540863913	5.000000000000	4000.000000000000	2
36.37583	-118.44042	0.00181279	121291.00000000	16.004621325529	0.712540863913	5.000000000000	4000.000000000000	2
36.39185	-118.39464	0.26536145	115264.00000000	16.004621325529	0.712540863913	5.000000000000	4000.000000000000	2
36.40442	-118.34644	0.47192125	118217.00000000	16.004621325529	0.712540863913	5.000000000000	4000.000000000000	2
36.41417	-118.31125	0.01164788	125887.00000000	16.004621325529	0.712540863913	5.000000000000	4000.000000000000	2
36.35886	-118.51683	0.15541975	108147.00000000	16.004621325529	0.712540863913	5.000000000000	4000.000000000000	2
36.33670	-118.46289	0.39839314	107505.00000000	16.004621325529	0.712540863913	5.000000000000	4000.000000000000	2
36.34613	-118.40567	0.61852723	107700.00000000	16.004621325529	0.712540863913	5.000000000000	4000.000000000000	2
36.33626	-118.34530	0.49604530	105629.00000000	16.004621325529	0.712540863913	5.000000000000	4000.000000000000	2
36.32586	-118.28564	0.26751450	125382.00000000	16.004621325529	0.712540863913	5.000000000000	4000.000000000000	2
36.31905	-118.23630	0.07074697	144563.00000000	16.004621325529	0.712540863913	5.000000000000	4000.000000000000	2
36.30777	-118.45211	0.04030883	107428.00000000	16.004621325529	0.712540863913	5.000000000000	4000.000000000000	2
36.28512	-118.39094	0.34732701	97790.00000000	16.004621325529	0.712540863913	5.000000000000	4000.000000000000	2
36.28077	-118.35140	0.37994943	96934.00000000	16.004621325529	0.712540863913	5.000000000000	4000.000000000000	2
36.29640	-118.27551	0.30270875	103175.00000000	16.004621325529	0.712540863913	5.000000000000	4000.000000000000	2
36.28651	-118.22219	0.54496627	108870.00000000	16.004621325529	0.712540863913	5.000000000000	4000.000000000000	2
36.29022	-118.17090	0.10240275	136740.00000000	16.004621325529	0.712540863913	5.000000000000	4000.000000000000	2
36.24667	-118.37583	0.00207519	97011.00000000	16.004621325529	0.712540863913	5.000000000000	4000.000000000000	2
36.23875	-118.35246	0.14061869	92367.00000000	16.004621325529	0.712540863913	5.000000000000	4000.000000000000	2
36.15161	-118.33427	0.28697672	86675.00000000	16.004621325529	0.712540863913	5.000000000000	4000.000000000000	2
36.15480	-118.28730	0.36748127	93635.00000000	16.004621325529	0.712540863913	5.000000000000	4000.000000000000	2
36.15583	-118.24667	0.01038800	112493.00000000	16.004621325529	0.712540863913	5.000000000000	4000.000000000000	2
36.08208	-118.44458	0.10385381	65488.00000000	16.004621325529	0.712540863913	5.000000000000	4000.000000000000	2
36.07333	-118.41859	0.13789149	67031.00000000	16.004621325529	0.712540863913	5.000000000000	4000.000000000000	2
36.12167	-118.29750	0.01039252	97585.00000000	16.004621325529	0.712540863913	5.000000000000	4000.000000000000	2
36.02272	-118.44759	0.17107120	55552.00000000	16.004621325529	0.712540863913	5.000000000000	4000.000000000000	2
36.03381	-118.40699	0.63322186	58160.00000000	16.004621325529	0.712540863913	5.000000000000	4000.000000000000	2
36.01479	-118.35249	0.25573160	64338.00000000	16.004621325529	0.712540863913	5.000000000000	4000.000000000000	2
36.01417	-118.30708	0.01691095	99272.00000000	16.004621325529	0.712540863913	5.000000000000	4000.000000000000	2
35.97926	-118.44889	0.18430902	49212.00000000	16.004621325529	0.712540863913	5.000000000000	4000.000000000000	2
35.96902	-118.42331	0.26420666	50979.00000000	16.004621325529	0.712540863913	5.000000000000	4000.000000000000	2
35.99148	-118.35264	0.11503727	64184.00000000	16.004621325529	0.712540863913	5.000000000000	4000.000000000000	2
35.89691	-118.38497	0.03778198	39490.00000000	16.004621325529	0.712540863913	5.000000000000	4000.000000000000	2
35.89518	-118.34033	0.31395451	48256.00000000	16.004621325529	0.712540863913	5.000000000000	4000.000000000000	2
35.88917	-118.31125	0.00390871	77163.00000000	16.004621325529	0.712540863913	5.000000000000	4000.000000000000	2
35.83064	-118.38264	0.08658437	30101.00000000	16.004621325529	0.712540863913	5.000000000000	4000.000000000000	2
35.84713	-118.35578	0.30582591	31606.00000000	16.004621325529	0.712540863913	5.000000000000	4000.000000000000	2
35.80932	-118.37851	0.00730376	30031.00000000	16.004621325529	0.712540863913	5.000000000000	4000.000000000000	2
35.80708	-118.36750	0.03051948	30727.00000000	16.004621325529	0.712540863913	5.000000000000	4000.000000000000	2
36.41075	-118.57612	0.07288967	114350.00000000	16.004621325529	0.712540863913	5.000000000000	4000.000000000000	3
36.40373	-118.55736	0.03728321	113510.00000000	16.004621325529	0.712540863913	5.000000000000	4000.000000000000	3
36.35348	-118.56767	0.07318389	108377.00000000	16.004621325529	0.712540863913	5.000000000000	4000.000000000000	3
36.33817	-118.53622	0.53745054	104044.00000000	16.004621325529	0.712540863913	5.000000000000	4000.000000000000	3
36.31817	-118.49412	0.02669292	106073.00000000	16.004621325529	0.712540863913	5.000000000000	4000.000000000000	3
36.28708	-118.56542	0.00453713	101462.00000000	16.004621325529	0.712540863913	5.000000000000	4000.000000000000	3
36.28791	-118.53759	0.32293576	98145.00000000	16.004621325529	0.712540863913	5.000000000000	4000.000000000000	3
36.29841	-118.48777	0.08217480	102558.00000000	16.004621325529	0.712540863913	5.000000000000	4000.000000000000	3
36.25667	-118.40167	0.05186195	92108.00000000	16.004621325529	0.712540863913	5.000000000000	4000.000000000000	3
36.20986	-118.59241	0.14793432	99621.00000000	16.004621325529	0.712540863913	5.000000000000	4000.000000000000	3
36.22593	-118.54887	0.20288015	96010.00000000	16.004621325529	0.712540863913	5.000000000000	4000.000000000000	3
36.22543	-118.39912	0.42813220	87091.00000000	16.004621325529	0.712540863913	5.000000000000	4000.000000000000	3
36.22000	-118.36550	0.12973357	89545.00000000	16.004621325529	0.712540863913	5.000000000000	4000.000000000000	3
36.17555	-118.59769	0.00584098	103686.00000000	16.004621325529	0.712540863913	5.000000000000	4000.000000000000	3
36.09561	-118.58688	0.09865988	67833.00000000	16.004621325529	0.712540863913	5.000000000000	4000.000000000000	3
36.07723	-118.55393	0.10033968	65603.00000000	16.004621325529	0.712540863913	5.000000000000	4000.000000000000	3
36.07628	-118.34302	0.15454756	88781.00000000	16.004621325529	0.712540863913	5.000000000000	4000.000000000000	3
36.06542	-118.31125	0.00272999	95770.00000000	16.004621325529	0.712540863913	5.000000000000	4000.000000000000	3
36.05708	-118.57375	0.03393394	67332.00000000	16.004621325529	0.712540863913	5.000000000000	4000.000000000000	3
36.05324	-118.55242	0.06488060	64315.00000000	16.004621325529	0.712540863913	5.000000000000	4000.000000000000	3
36.01015	-118.40412	0.08845607	58914.00000000	16.004621325529	0.712540863913	5.000000000000	4000.000000000000	3
36.03452	-118.32008	0.07087878	96288.00000000	16.004621325529	0.712540863913	5.000000000000	4000.000000000000	3
36.02390	-118.28474	0.44807974	93437.00000000	16.004621325529	0.712540863913	5.000000000000	4000.000000000000	3
36.01583	-118.23128	0.21333006	90110.00000000	16.004621325529	0.712540863913	5.000000000000	4000.000000000000	3
35.97221	-118.39510	0.41129076	57195.00000000	16.004621325529	0.712540863913	5.000000000000	4000.000000000000	3
35.97900	-118.33840	0.19469442	63021.00000000	16.004621325529	0.712540863913	5.000000000000	4000.000000000000	3
35.97842	-118.30033	0.20614424	94951.00000000	16.004621325529	0.712540863913	5.000000000000	4000.000000000000	3
35.99667	-118.22250	0.01040905	90298.00000000	16.004621325529	0.712540863913	5.000000000000	4000.000000000000	3
35.92768	-118.38068	0.04167459	47716.00000000	16.004621325529	0.712540863913	5.000000000000	4000.000000000000	3
35.92250	-118.37167	0.03125648	48550.00000000	16.004621325529	0.712540863913	5.000000000000	4000.000000000000	3
35.90396	-118.13638	0.12766710	67909.00000000	16.004621325529	0.712540863913	5.000000000000	4000.000000000000	3
35.88993	-118.10505	0.23970899	67986.00000000	16.004621325529	0.712540863913	5.000000000000	4000.000000000000	3
35.85153	-118.08583	0.34546506	61623.00000000	16.004621325529	0.712540863913	5.000000000000	4000.000000000000	3
35.82250	-118.06125	0.00391199	65681.00000000	16.004621325529	0.712540863913	5.000000000000	4000.000000000000	3
36.13000	-118.44458	0.02649818	73333.00000000	16.004621325529	0.712540863913	5.000000000000	4000.000000000000	3
36.13000	-118.43625	0.00467614	75024.00000000	16.004621325529	0.712540863913	5.000000000000	4000.000000000000	3
36.09034	-118.46514	0.22300796	63289.00000000	16.004621325529	0.712540863913	5.000000000000	4000.000000000000	3
36.11750	-118.43625	0.00701533	75324.00000000	16.004621325529	0.712540863913	5.000000000000	4000.000000000000	3
36.02005	-118.51117	0.18003707	55945.00000000	16.004621325529	0.712540863913	5.000000000000	4000.000000000000	3
36.02875	-118.48278	0.35713577	54117.00000000	16.004621325529	0.712540863913	5.000000000000	4000.000000000000	3
35.99071	-118.51012	0.07755756	52404.00000000	16.004621325529	0.712540863913	5.000000000000	4000.000000000000	3
35.97313	-118.47071	0.33227600	47598.00000000	16.004621325529	0.712540863913	5.000000000000	4000.000000000000	3
35.94042	-118.43625	0.00273432	51071.00000000	16.004621325529	0.712540863913	5.000000000000	4000.000000000000	3
35.91431	-118.44564	0.10824315	35231.00000000	16.004621325529	0.712540863913	5.000000000000	4000.000000000000	3
35.88820	-118.42619	0.10669864	35994.00000000	16.004621325529	0.712540863913	5.000000000000	4000.000000000000	3
35.84093	-118.41414	0.45495679	25726.00000000	16.004621325529	0.712540863913	5.000000000000	4000.000000000000	3
35.81542	-118.21000	0.01825760	53637.00000000	16.004621325529	0.712540863913	5.000000000000	4000.000000000000	3
35.78204	-118.40047	0.55501261	14618.00000000	16.004621325529	0.712540863913	5.000000000000	4000.000000000000	3
35.75757	-118.34122	0.16310123	19564.00000000	16.004621325529	0.712540863913	5.000000000000	4000.000000000000	3
35.75854	-118.29521	0.11092583	33768.00000000	16.004621325529	0.712540863913	5.000000000000	4000.000000000000	3
35.77882	-118.22134	0.32302990	45638.00000000	16.004621325529	0.712540863913	5.000000000000	4000.000000000000	3
35.73574	-118.38503	0.08564944	13684.00000000	16.004621325529	0.712540863913	5.000000000000	4000.000000000000	3
35.72742	-118.34695	0.48829574	15726.00000000	16.004621325529	0.712540863913	5.000000000000	4000.000000000000	3
35.72708	-118.27490	0.30290988	27802.00000000	16.004621325529	0.712540863913	5.000000000000	4000.000000000000	3
35.73145	-118.22840	0.32167334	31052.00000000	16.004621325529	0.712540863913	5.000000000000	4000.000000000000	3
36.07375	-118.46000	0.07019233	63289.00000000	16.004621325529	0.712540863913	5.000000000000	4000.000000000000	3
36.04075	-118.45724	0.17684242	57163.00000000	16.004621325529	0.712540863913	5.000000000000	4000.000000000000	3
36.00083	-118.14750	0.00260212	87634.00000000	16.004621325529	0.712540863913	5.000000000000	4000.000000000000	3
35.95233	-118.51913	0.23614458	44150.00000000	16.004621325529	0.712540863913	5.000000000000	4000.000000000000	3
35.95859	-118.49280	0.10100976	43725.00000000	16.004621325529	0.712540863913	5.000000000000	4000.000000000000	3
35.96789	-118.15350	0.23689407	77266.00000000	16.004621325529	0.712540863913	5.000000000000	4000.000000000000	3
35.91417	-118.56542	0.00833600	50531.00000000	16.004621325529	0.712540863913	5.000000000000	4000.000000000000	3
35.92001	-118.52948	0.35895023	41935.00000000	16.004621325529	0.712540863913	5.000000000000	4000.000000000000	3
35.92429	-118.49667	0.02396276	40184.00000000	16.004621325529	0.712540863913	5.000000000000	4000.000000000000	3
35.88627	-118.19393	0.05785232	67145.00000000	16.004621325529	0.712540863913	5.000000000000	4000.000000000000	3
35.90535	-118.16790	0.28605627	64068.00000000	16.004621325529	0.712540863913	5.000000000000	4000.000000000000	3
35.86912	-118.19317	0.02684726	65595.00000000	16.004621325529	0.712540863913	5.000000000000	4000.000000000000	3
35.87062	-118.17908	0.02788867	63288.00000000	16.004621325529	0.712540863913	5.000000000000	4000.000000000000	3
36.21036	-118.33234	0.15830043	89414.00000000	16.004621325529	0.712540863913	5.000000000000	4000.000000000000	16
36.22831	-118.30128	0.04281218	98308.00000000	16.004621325529	0.712540863913	5.000000000000	4000.000000000000	16
36.15830	-118.33356	0.20048998	88101.00000000	16.004621325529	0.712540863913	5.000000000000	4000.000000000000	16
36.17240	-118.30550	0.05789747	92948.00000000	16.004621325529	0.712540863913	5.000000000000	4000.000000000000	16
36.11131	-118.32732	0.15150783	86560.00000000	16.004621325529	0.712540863913	5.000000000000	4000.000000000000	16
36.11254	-118.30540	0.06417727	94569.00000000	16.004621325529	0.712540863913	5.000000000000	4000.000000000000	16
36.00083	-118.26750	0.01092892	93516.00000000	16.004621325529	0.712540863913	5.000000000000	4000.000000000000	16
36.00083	-118.23833	0.00728595	91254.00000000	16.004621325529	0.712540863913	5.000000000000	4000.000000000000	16
35.96923	-118.26610	0.37098084	90059.00000000	16.004621325529	0.712540863913	5.000000000000	4000.000000000000	16
35.96600	-118.22042	0.66104767	81140.00000000	16.004621325529	0.712540863913	5.000000000000	4000.000000000000	16
35.96339	-118.17519	0.22270475	77845.00000000	16.004621325529	0.712540863913	5.000000000000	4000.000000000000	16
35.89713	-118.31747	0.05393555	55252.00000000	16.004621325529	0.712540863913	5.000000000000	4000.000000000000	16
35.90335	-118.27854	0.64299708	69136.00000000	16.004621325529	0.712540863913	5.000000000000	4000.000000000000	16
35.90796	-118.22088	0.67486761	66938.00000000	16.004621325529	0.712540863913	5.000000000000	4000.000000000000	16
35.90052	-118.16005	0.23355980	64183.00000000	16.004621325529	0.712540863913	5.000000000000	4000.000000000000	16
35.87583	-118.12167	0.00208499	67909.00000000	16.004621325529	0.712540863913	5.000000000000	4000.000000000000	16
35.85359	-118.32553	0.18458057	46091.00000000	16.004621325529	0.712540863913	5.000000000000	4000.000000000000	16
35.84537	-118.28053	0.68704297	65234.00000000	16.004621325529	0.712540863913	5.000000000000	4000.000000000000	16
35.84667	-118.21782	0.60397174	53637.00000000	16.004621325529	0.712540863913	5.000000000000	4000.000000000000	16
35.84269	-118.15535	0.70540703	55813.00000000	16.004621325529	0.712540863913	5.000000000000	4000.000000000000	16
35.83460	-118.10639	0.33487659	59779.00000000	16.004621325529	0.712540863913	5.000000000000	4000.000000000000	16
35.81542	-118.05708	0.01186744	63984.00000000	16.004621325529	0.712540863913	5.000000000000	4000.000000000000	16
35.80469	-118.28417	0.09783239	40418.00000000	16.004621325529	0.712540863913	5.000000000000	4000.000000000000	16
35.78733	-118.19809	0.15668773	46277.00000000	16.004621325529	0.712540863913	5.000000000000	4000.000000000000	16
35.79076	-118.15772	0.50292319	46092.00000000	16.004621325529	0.712540863913	5.000000000000	4000.000000000000	16
35.79971	-118.10235	0.23677162	52889.00000000	16.004621325529	0.712540863913	5.000000000000	4000.000000000000	16
35.80889	-118.05889	0.00899914	62457.00000000	16.004621325529	0.712540863913	5.000000000000	4000.000000000000	16
36.25806	-118.58917	0.11255666	103114.00000000	16.004621325529	0.712540863913	5.000000000000	4000.000000000000	3
36.22544	-118.59361	0.25676316	101427.00000000	16.004621325529	0.712540863913	5.000000000000	4000.000000000000	3
36.13319	-118.54361	0.01870392	79559.00000000	16.004621325529	0.712540863913	5.000000000000	4000.000000000000	3
36.12583	-118.49250	0.00467639	76142.00000000	16.004621325529	0.712540863913	5.000000000000	4000.000000000000	3
36.13229	-118.41417	0.10389991	75340.00000000	16.004621325529	0.712540863913	5.000000000000	4000.000000000000	3
36.09174	-118.52822	0.35806168	64114.00000000	16.004621325529	0.712540863913	5.000000000000	4000.000000000000	3
36.10079	-118.48512	0.24608488	66050.00000000	16.004621325529	0.712540863913	5.000000000000	4000.000000000000	3
36.09992	-118.40727	0.46910201	68156.00000000	16.004621325529	0.712540863913	5.000000000000	4000.000000000000	3
36.09767	-118.34927	0.26248930	85934.00000000	16.004621325529	0.712540863913	5.000000000000	4000.000000000000	3
36.03726	-118.60655	0.02900866	70067.00000000	16.004621325529	0.712540863913	5.000000000000	4000.000000000000	3
36.06125	-118.52250	0.01950097	63721.00000000	16.004621325529	0.712540863913	5.000000000000	4000.000000000000	3
36.31958	-118.48157	0.04405662	106124.00000000	16.004621325529	0.712540863913	5.000000000000	4000.000000000000	3
36.32006	-118.41977	0.07904536	108317.00000000	16.004621325529	0.712540863913	5.000000000000	4000.000000000000	3
36.27842	-118.46096	0.48799773	92143.00000000	16.004621325529	0.712540863913	5.000000000000	4000.000000000000	3
36.28104	-118.42308	0.33004769	92505.00000000	16.004621325529	0.712540863913	5.000000000000	4000.000000000000	3
36.19042	-118.56542	0.00635984	101248.00000000	16.004621325529	0.712540863913	5.000000000000	4000.000000000000	3
36.20120	-118.52759	0.29650651	91102.00000000	16.004621325529	0.712540863913	5.000000000000	4000.000000000000	3
36.22705	-118.47436	0.15854472	89203.00000000	16.004621325529	0.712540863913	5.000000000000	4000.000000000000	3
36.24023	-118.42848	0.06667194	89590.00000000	16.004621325529	0.712540863913	5.000000000000	4000.000000000000	3
36.17329	-118.57537	0.04686397	101325.00000000	16.004621325529	0.712540863913	5.000000000000	4000.000000000000	3
36.16204	-118.53928	0.26594137	74931.00000000	16.004621325529	0.712540863913	5.000000000000	4000.000000000000	3
36.18625	-118.49667	0.00311519	90932.00000000	16.004621325529	0.712540863913	5.000000000000	4000.000000000000	3
36.10668	-118.52650	0.18372733	69761.00000000	16.004621325529	0.712540863913	5.000000000000	4000.000000000000	3
36.25083	-118.19875	0.00700339	132020.00000000	16.004621325529	0.712540863913	5.000000000000	4000.000000000000	16
36.26173	-118.13864	0.11537873	131118.00000000	16.004621325529	0.712540863913	5.000000000000	4000.000000000000	16
36.25832	-118.12090	0.02256323	134659.00000000	16.004621325529	0.712540863913	5.000000000000	4000.000000000000	16
36.19042	-118.25083	0.00181710	107953.00000000	16.004621325529	0.712540863913	5.000000000000	4000.000000000000	16
36.21408	-118.21123	0.40881832	108138.00000000	16.004621325529	0.712540863913	5.000000000000	4000.000000000000	16
36.21920	-118.15530	0.70519296	118594.00000000	16.004621325529	0.712540863913	5.000000000000	4000.000000000000	16
36.21182	-118.10966	0.27555641	117028.00000000	16.004621325529	0.712540863913	5.000000000000	4000.000000000000	16
36.14353	-118.25439	0.05844349	108847.00000000	16.004621325529	0.712540863913	5.000000000000	4000.000000000000	16
36.15626	-118.21835	0.72004252	107409.00000000	16.004621325529	0.712540863913	5.000000000000	4000.000000000000	16
36.15625	-118.15625	0.73040222	106444.00000000	16.004621325529	0.712540863913	5.000000000000	4000.000000000000	16
36.15673	-118.09601	0.66530039	106635.00000000	16.004621325529	0.712540863913	5.000000000000	4000.000000000000	16
36.16417	-118.06125	0.01025531	114075.00000000	16.004621325529	0.712540863913	5.000000000000	4000.000000000000	16
36.08997	-118.26204	0.26513848	100609.00000000	16.004621325529	0.712540863913	5.000000000000	4000.000000000000	16
36.09375	-118.21875	0.73098399	98575.00000000	16.004621325529	0.712540863913	5.000000000000	4000.000000000000	16
36.09608	-118.15853	0.65949305	97540.00000000	16.004621325529	0.712540863913	5.000000000000	4000.000000000000	16
36.09323	-118.09434	0.67432118	97726.00000000	16.004621325529	0.712540863913	5.000000000000	4000.000000000000	16
36.07496	-118.05741	0.04835120	104424.00000000	16.004621325529	0.712540863913	5.000000000000	4000.000000000000	16
36.04590	-118.26280	0.16332401	99588.00000000	16.004621325529	0.712540863913	5.000000000000	4000.000000000000	16
36.04132	-118.21454	0.46624219	90235.00000000	16.004621325529	0.712540863913	5.000000000000	4000.000000000000	16
36.03945	-118.17216	0.26202200	90126.00000000	16.004621325529	0.712540863913	5.000000000000	4000.000000000000	16
36.04847	-118.08806	0.26854595	96336.00000000	16.004621325529	0.712540863913	5.000000000000	4000.000000000000	16
36.03257	-118.04836	0.17309973	100525.00000000	16.004621325529	0.712540863913	5.000000000000	4000.000000000000	16
36.22250	-118.50083	0.00259479	91488.00000000	16.004621325529	0.712540863913	5.000000000000	4000.000000000000	3
36.20982	-118.46753	0.21657536	82646.00000000	16.004621325529	0.712540863913	5.000000000000	4000.000000000000	3
36.19875	-118.42030	0.15066706	82723.00000000	16.004621325529	0.712540863913	5.000000000000	4000.000000000000	3
36.14312	-118.46237	0.21571540	72924.00000000	16.004621325529	0.712540863913	5.000000000000	4000.000000000000	3
36.16288	-118.42063	0.25825513	75657.00000000	16.004621325529	0.712540863913	5.000000000000	4000.000000000000	3
36.32272	-118.20686	0.10495446	141662.00000000	16.004621325529	0.712540863913	5.000000000000	4000.000000000000	3
36.31125	-118.20583	0.01166329	141547.00000000	16.004621325529	0.712540863913	5.000000000000	4000.000000000000	3
36.20787	-118.19387	0.05320492	127290.00000000	16.004621325529	0.712540863913	5.000000000000	4000.000000000000	3
36.20583	-118.18340	0.02465384	125970.00000000	16.004621325529	0.712540863913	5.000000000000	4000.000000000000	3
36.51036	-118.45809	0.15562521	132841.00000000	16.004621325529	0.712540863913	5.000000000000	4000.000000000000	3
36.50933	-118.43008	0.05377055	132387.00000000	16.004621325529	0.712540863913	5.000000000000	4000.000000000000	3
36.48228	-118.45097	0.19734703	128059.00000000	16.004621325529	0.712540863913	5.000000000000	4000.000000000000	3
36.47553	-118.43253	0.07162853	126669.00000000	16.004621325529	0.712540863913	5.000000000000	4000.000000000000	3
36.71875	-118.40625	0.10558863	156949.00000000	16.004621325529	0.712540863913	5.000000000000	4000.000000000000	16
36.71882	-118.35848	0.00889795	158461.00000000	16.004621325529	0.712540863913	5.000000000000	4000.000000000000	16
36.65625	-118.46875	0.42307633	149781.00000000	16.004621325529	0.712540863913	5.000000000000	4000.000000000000	16
36.65625	-118.40625	0.72080755	147844.00000000	16.004621325529	0.712540863913	5.000000000000	4000.000000000000	16
36.65058	-118.35202	0.46545373	150612.00000000	16.004621325529	0.712540863913	5.000000000000	4000.000000000000	16
36.62583	-118.31125	0.00064533	156083.00000000	16.004621325529	0.712540863913	5.000000000000	4000.000000000000	16
36.59375	-118.53125	0.31432618	148133.00000000	16.004621325529	0.712540863913	5.000000000000	4000.000000000000	16
36.59375	-118.46875	0.72437219	144610.00000000	16.004621325529	0.712540863913	5.000000000000	4000.000000000000	16
36.59375	-118.40625	0.72630560	139302.00000000	16.004621325529	0.712540863913	5.000000000000	4000.000000000000	16
36.59375	-118.34375	0.72630560	142172.00000000	16.004621325529	0.712540863913	5.000000000000	4000.000000000000	16
36.58979	-118.30171	0.20437567	150516.00000000	16.004621325529	0.712540863913	5.000000000000	4000.000000000000	16
36.53264	-118.58465	0.01137431	146497.00000000	16.004621325529	0.712540863913	5.000000000000	4000.000000000000	16
36.53125	-118.53125	0.69190086	138258.00000000	16.004621325529	0.712540863913	5.000000000000	4000.000000000000	16
36.53694	-118.47165	0.57127105	135595.00000000	16.004621325529	0.712540863913	5.000000000000	4000.000000000000	16
36.53300	-118.40435	0.67316476	131738.00000000	16.004621325529	0.712540863913	5.000000000000	4000.000000000000	16
36.53125	-118.34375	0.72689343	134640.00000000	16.004621325529	0.712540863913	5.000000000000	4000.000000000000	16
36.52834	-118.28371	0.63109559	140820.00000000	16.004621325529	0.712540863913	5.000000000000	4000.000000000000	16
36.50917	-118.24250	0.03774372	148877.00000000	16.004621325529	0.712540863913	5.000000000000	4000.000000000000	16
36.47964	-118.58008	0.00504210	146535.00000000	16.004621325529	0.712540863913	5.000000000000	4000.000000000000	16
36.46902	-118.53065	0.61357789	135528.00000000	16.004621325529	0.712540863913	5.000000000000	4000.000000000000	16
36.46371	-118.47537	0.53008776	127094.00000000	16.004621325529	0.712540863913	5.000000000000	4000.000000000000	16
36.46801	-118.40338	0.65585276	123266.00000000	16.004621325529	0.712540863913	5.000000000000	4000.000000000000	16
36.46875	-118.34375	0.72748039	128791.00000000	16.004621325529	0.712540863913	5.000000000000	4000.000000000000	16
36.47859	-118.28529	0.46682318	140265.00000000	16.004621325529	0.712540863913	5.000000000000	4000.000000000000	16
36.46953	-118.23457	0.09790258	143375.00000000	16.004621325529	0.712540863913	5.000000000000	4000.000000000000	16
36.40266	-118.60543	0.03236817	114942.00000000	16.004621325529	0.712540863913	5.000000000000	4000.000000000000	16
36.40690	-118.52770	0.60464732	112784.00000000	16.004621325529	0.712540863913	5.000000000000	4000.000000000000	16
36.40633	-118.46882	0.72626110	120396.00000000	16.004621325529	0.712540863913	5.000000000000	4000.000000000000	16
36.41451	-118.41291	0.46268605	116561.00000000	16.004621325529	0.712540863913	5.000000000000	4000.000000000000	16
36.43057	-118.34903	0.13654531	124516.00000000	16.004621325529	0.712540863913	5.000000000000	4000.000000000000	16
36.41573	-118.30320	0.11246458	125021.00000000	16.004621325529	0.712540863913	5.000000000000	4000.000000000000	16
36.34367	-118.60546	0.10130812	111618.00000000	16.004621325529	0.712540863913	5.000000000000	4000.000000000000	16
36.36951	-118.50762	0.02797231	110771.00000000	16.004621325529	0.712540863913	5.000000000000	4000.000000000000	16
36.36130	-118.47296	0.25956103	110956.00000000	16.004621325529	0.712540863913	5.000000000000	4000.000000000000	16
36.29052	-118.63962	0.07376993	110413.00000000	16.004621325529	0.712540863913	5.000000000000	4000.000000000000	16
36.29726	-118.60932	0.13400969	108953.00000000	16.004621325529	0.712540863913	5.000000000000	4000.000000000000	16
36.38521	-118.33465	0.06214033	118888.00000000	16.004621325529	0.712540863913	5.000000000000	4000.000000000000	3
36.35653	-118.38347	0.03108428	113503.00000000	16.004621325529	0.712540863913	5.000000000000	4000.000000000000	3
36.36489	-118.34573	0.16187956	115964.00000000	16.004621325529	0.712540863913	5.000000000000	4000.000000000000	3
36.36417	-118.30708	0.01683554	124935.00000000	16.004621325529	0.712540863913	5.000000000000	4000.000000000000	3
35.69665	-118.44839	0.06269119	5733.00000000	16.004621325529	0.712540863913	5.000000000000	4000.000000000000	14
35.70167	-118.43625	0.00783588	7482.00000000	16.004621325529	0.712540863913	5.000000000000	4000.000000000000	14
35.66599	-118.45756	0.19598519	316.00000000	16.004621325529	0.712540863913	5.000000000000	4000.000000000000	14
35.66514	-118.40676	0.25610087	4513.00000000	16.004621325529	0.712540863913	5.000000000000	4000.000000000000	14
