37.25083	-119.63417	0.00705365	40423.00000000	16.004621325529	0.712540863913	5.000000000000	4000.000000000000	3
37.25083	-119.60917	0.01218358	40500.00000000	16.004621325529	0.712540863913	5.000000000000	4000.000000000000	3
37.21581	-119.64417	0.46287722	31475.00000000	16.004621325529	0.712540863913	5.000000000000	4000.000000000000	3
37.21781	-119.59630	0.76642953	31383.00000000	16.004621325529	0.712540863913	5.000000000000	4000.000000000000	3
37.20319	-119.52528	0.36008634	39407.00000000	16.004621325529	0.712540863913	5.000000000000	4000.000000000000	3
37.20455	-119.48679	0.23031630	67190.00000000	16.004621325529	0.712540863913	5.000000000000	4000.000000000000	3
37.19042	-119.41000	0.04492284	68635.00000000	16.004621325529	0.712540863913	5.000000000000	4000.000000000000	3
37.13150	-119.71917	0.06534010	23863.00000000	16.004621325529	0.712540863913	5.000000000000	4000.000000000000	3
37.16013	-119.65406	0.69533167	22303.00000000	16.004621325529	0.712540863913	5.000000000000	4000.000000000000	3
37.14805	-119.60379	0.37574933	25869.00000000	16.004621325529	0.712540863913	5.000000000000	4000.000000000000	3
37.16044	-119.52462	0.67082002	36610.00000000	16.004621325529	0.712540863913	5.000000000000	4000.000000000000	3
37.15632	-119.46956	0.87315132	49048.00000000	16.004621325529	0.712540863913	5.000000000000	4000.000000000000	3
37.16264	-119.41134	0.55209101	63019.00000000	16.004621325529	0.712540863913	5.000000000000	4000.000000000000	3
37.16655	-119.36333	0.08987407	72424.00000000	16.004621325529	0.712540863913	5.000000000000	4000.000000000000	3
37.11258	-119.70591	0.18053016	20776.00000000	16.004621325529	0.712540863913	5.000000000000	4000.000000000000	3
37.09145	-119.65443	0.67248393	12221.00000000	16.004621325529	0.712540863913	5.000000000000	4000.000000000000	3
37.09298	-119.59322	0.86893836	17065.00000000	16.004621325529	0.712540863913	5.000000000000	4000.000000000000	3
37.09238	-119.53039	0.86120283	25578.00000000	16.004621325529	0.712540863913	5.000000000000	4000.000000000000	3
37.09337	-119.47859	0.60237572	37159.00000000	16.004621325529	0.712540863913	5.000000000000	4000.000000000000	3
37.02250	-119.69458	0.02733511	2553.00000000	16.004621325529	0.712540863913	5.000000000000	4000.000000000000	3
37.03714	-119.65296	0.43183976	2937.00000000	16.004621325529	0.712540863913	5.000000000000	4000.000000000000	3
37.04401	-119.60177	0.38503624	9855.00000000	16.004621325529	0.712540863913	5.000000000000	4000.000000000000	3
37.05188	-119.52551	0.25513178	25856.00000000	16.004621325529	0.712540863913	5.000000000000	4000.000000000000	3
37.04121	-119.46629	0.54707923	34644.00000000	16.004621325529	0.712540863913	5.000000000000	4000.000000000000	3
37.02835	-119.42586	0.16318118	43155.00000000	16.004621325529	0.712540863913	5.000000000000	4000.000000000000	3
36.99667	-119.64250	0.05276082	5618.00000000	16.004621325529	0.712540863913	5.000000000000	4000.000000000000	3
36.99667	-119.62167	0.00932932	9817.00000000	16.004621325529	0.712540863913	5.000000000000	4000.000000000000	3
37.00083	-119.69750	0.00321681	447.00000000	16.004621325529	0.712540863913	5.000000000000	4000.000000000000	3
37.00083	-119.67250	0.00965044	2301.00000000	16.004621325529	0.712540863913	5.000000000000	4000.000000000000	3
36.99317	-119.69419	0.01560305	447.00000000	16.004621325529	0.712540863913	5.000000000000	4000.000000000000	3
36.99403	-119.67587	0.05340668	2377.00000000	16.004621325529	0.712540863913	5.000000000000	4000.000000000000	3
37.25839	-119.64808	0.13368266	40871.00000000	16.004621325529	0.712540863913	5.000000000000	4000.000000000000	6
37.24667	-119.65583	0.03847662	40484.00000000	16.004621325529	0.712540863913	5.000000000000	4000.000000000000	6
37.19270	-119.58917	0.04973165	34591.00000000	16.004621325529	0.712540863913	5.000000000000	4000.000000000000	6
37.14224	-119.69921	0.15267838	24125.00000000	16.004621325529	0.712540863913	5.000000000000	4000.000000000000	6
37.14208	-119.66045	0.20482381	22003.00000000	16.004621325529	0.712540863913	5.000000000000	4000.000000000000	6
37.16210	-119.58660	0.52710511	30481.00000000	16.004621325529	0.712540863913	5.000000000000	4000.000000000000	6
37.14415	-119.55042	0.23211148	35329.00000000	16.004621325529	0.712540863913	5.000000000000	4000.000000000000	6
37.12167	-119.69042	0.00899274	22466.00000000	16.004621325529	0.712540863913	5.000000000000	4000.000000000000	6
37.11928	-119.65021	0.13235410	19635.00000000	16.004621325529	0.712540863913	5.000000000000	4000.000000000000	6
37.11302	-119.60708	0.03469025	20028.00000000	16.004621325529	0.712540863913	5.000000000000	4000.000000000000	6
37.12167	-119.54875	0.04239435	34156.00000000	16.004621325529	0.712540863913	5.000000000000	4000.000000000000	6
37.02474	-119.64026	0.16721389	6429.00000000	16.004621325529	0.712540863913	5.000000000000	4000.000000000000	6
37.02002	-119.61036	0.11432777	10635.00000000	16.004621325529	0.712540863913	5.000000000000	4000.000000000000	6
36.99667	-119.61417	0.00836411	10673.00000000	16.004621325529	0.712540863913	5.000000000000	4000.000000000000	6
37.39021	-119.56837	0.02496307	97621.00000000	16.004621325529	0.712540863913	5.000000000000	4000.000000000000	7
37.39761	-119.53137	0.46399344	93651.00000000	16.004621325529	0.712540863913	5.000000000000	4000.000000000000	7
37.38917	-119.49667	0.01280124	94846.00000000	16.004621325529	0.712540863913	5.000000000000	4000.000000000000	7
37.33839	-119.57693	0.27334451	88350.00000000	16.004621325529	0.712540863913	5.000000000000	4000.000000000000	7
37.33056	-119.53940	0.31562712	85604.00000000	16.004621325529	0.712540863913	5.000000000000	4000.000000000000	7
37.27901	-119.57756	0.11185260	41535.00000000	16.004621325529	0.712540863913	5.000000000000	4000.000000000000	7
37.27720	-119.52871	0.61037883	48304.00000000	16.004621325529	0.712540863913	5.000000000000	4000.000000000000	7
37.26257	-119.48164	0.18204260	75614.00000000	16.004621325529	0.712540863913	5.000000000000	4000.000000000000	7
37.25420	-119.31678	0.01667117	87962.00000000	16.004621325529	0.712540863913	5.000000000000	4000.000000000000	7
37.25885	-119.30239	0.07629988	88927.00000000	16.004621325529	0.712540863913	5.000000000000	4000.000000000000	7
37.24222	-119.57364	0.08594302	40401.00000000	16.004621325529	0.712540863913	5.000000000000	4000.000000000000	7
37.22908	-119.53521	0.54204929	39838.00000000	16.004621325529	0.712540863913	5.000000000000	4000.000000000000	7
37.24020	-119.46855	0.24437476	73240.00000000	16.004621325529	0.712540863913	5.000000000000	4000.000000000000	7
37.21418	-119.31976	0.18367877	79969.00000000	16.004621325529	0.712540863913	5.000000000000	4000.000000000000	7
37.21400	-119.28787	0.38567288	84073.00000000	16.004621325529	0.712540863913	5.000000000000	4000.000000000000	7
37.12664	-119.39331	0.01990942	72402.00000000	16.004621325529	0.712540863913	5.000000000000	4000.000000000000	7
37.15407	-119.33632	0.41042547	73265.00000000	16.004621325529	0.712540863913	5.000000000000	4000.000000000000	7
37.17514	-119.29782	0.17798257	81676.00000000	16.004621325529	0.712540863913	5.000000000000	4000.000000000000	7
37.08917	-119.44042	0.01124575	59977.00000000	16.004621325529	0.712540863913	5.000000000000	4000.000000000000	7
37.09569	-119.40439	0.76787475	44187.00000000	16.004621325529	0.712540863913	5.000000000000	4000.000000000000	7
37.09523	-119.35046	0.66694991	74639.00000000	16.004621325529	0.712540863913	5.000000000000	4000.000000000000	7
37.07138	-119.27543	0.00481961	87709.00000000	16.004621325529	0.712540863913	5.000000000000	4000.000000000000	7
37.03809	-119.37852	0.00096427	83210.00000000	16.004621325529	0.712540863913	5.000000000000	4000.000000000000	7
37.04259	-119.34568	0.00482148	82571.00000000	16.004621325529	0.712540863913	5.000000000000	4000.000000000000	7
37.02593	-119.69949	0.02138537	3001.00000000	16.004621325529	0.712540863913	5.000000000000	4000.000000000000	4
37.03808	-119.67792	0.03649309	5043.00000000	16.004621325529	0.712540863913	5.000000000000	4000.000000000000	4
37.26298	-119.62940	0.02244048	44159.00000000	16.004621325529	0.712540863913	5.000000000000	4000.000000000000	6
37.27216	-119.58956	0.40869737	41404.00000000	16.004621325529	0.712540863913	5.000000000000	4000.000000000000	6
37.27884	-119.55505	0.14100068	49416.00000000	16.004621325529	0.712540863913	5.000000000000	4000.000000000000	6
37.47277	-119.60405	0.00911458	108384.00000000	16.004621325529	0.712540863913	5.000000000000	4000.000000000000	3
37.44348	-119.54709	0.07834724	107898.00000000	16.004621325529	0.712540863913	5.000000000000	4000.000000000000	3
37.41039	-119.56648	0.05136626	96557.00000000	16.004621325529	0.712540863913	5.000000000000	4000.000000000000	3
37.41309	-119.54143	0.29254905	93258.00000000	16.004621325529	0.712540863913	5.000000000000	4000.000000000000	3
37.37757	-119.47846	0.03679494	92418.00000000	16.004621325529	0.712540863913	5.000000000000	4000.000000000000	3
37.37583	-119.43625	0.00096026	95518.00000000	16.004621325529	0.712540863913	5.000000000000	4000.000000000000	3
37.36392	-119.57019	0.07988103	92044.00000000	16.004621325529	0.712540863913	5.000000000000	4000.000000000000	3
37.35228	-119.52587	0.56262152	83539.00000000	16.004621325529	0.712540863913	5.000000000000	4000.000000000000	3
37.35217	-119.47439	0.56770016	83639.00000000	16.004621325529	0.712540863913	5.000000000000	4000.000000000000	3
37.36750	-119.43625	0.00864333	94840.00000000	16.004621325529	0.712540863913	5.000000000000	4000.000000000000	3
37.29720	-119.50833	0.09228153	80159.00000000	16.004621325529	0.712540863913	5.000000000000	4000.000000000000	3
37.28427	-119.47079	0.54224644	76928.00000000	16.004621325529	0.712540863913	5.000000000000	4000.000000000000	3
37.26724	-119.43247	0.01025762	78887.00000000	16.004621325529	0.712540863913	5.000000000000	4000.000000000000	3
37.25772	-119.34378	0.16283866	87630.00000000	16.004621325529	0.712540863913	5.000000000000	4000.000000000000	3
37.21571	-119.37801	0.03689701	80417.00000000	16.004621325529	0.712540863913	5.000000000000	4000.000000000000	3
37.21972	-119.34948	0.70566216	77486.00000000	16.004621325529	0.712540863913	5.000000000000	4000.000000000000	3
37.12920	-119.44178	0.01669879	59709.00000000	16.004621325529	0.712540863913	5.000000000000	4000.000000000000	3
37.14541	-119.39828	0.31496339	64061.00000000	16.004621325529	0.712540863913	5.000000000000	4000.000000000000	3
37.16408	-119.35722	0.41150369	72910.00000000	16.004621325529	0.712540863913	5.000000000000	4000.000000000000	3
37.09471	-119.44941	0.28996424	42097.00000000	16.004621325529	0.712540863913	5.000000000000	4000.000000000000	3
37.08621	-119.41815	0.11101430	43717.00000000	16.004621325529	0.712540863913	5.000000000000	4000.000000000000	3
37.05812	-119.44217	0.01944759	41835.00000000	16.004621325529	0.712540863913	5.000000000000	4000.000000000000	3
37.04953	-119.41547	0.09386867	43755.00000000	16.004621325529	0.712540863913	5.000000000000	4000.000000000000	3
37.28689	-119.44703	0.14324801	77327.00000000	16.004621325529	0.712540863913	5.000000000000	4000.000000000000	3
37.27553	-119.42804	0.19968145	77698.00000000	16.004621325529	0.712540863913	5.000000000000	4000.000000000000	3
37.24250	-119.44042	0.02020132	75924.00000000	16.004621325529	0.712540863913	5.000000000000	4000.000000000000	3
37.24499	-119.43302	0.02148293	76487.00000000	16.004621325529	0.712540863913	5.000000000000	4000.000000000000	3
37.20609	-119.28386	0.23162775	84351.00000000	16.004621325529	0.712540863913	5.000000000000	4000.000000000000	3
37.20292	-119.24250	0.10683209	92244.00000000	16.004621325529	0.712540863913	5.000000000000	4000.000000000000	3
37.13744	-119.32261	0.11945254	77758.00000000	16.004621325529	0.712540863913	5.000000000000	4000.000000000000	3
37.15384	-119.27513	0.64465375	81807.00000000	16.004621325529	0.712540863913	5.000000000000	4000.000000000000	3
37.15495	-119.24327	0.15246626	90346.00000000	16.004621325529	0.712540863913	5.000000000000	4000.000000000000	3
37.08918	-119.32300	0.17944703	79493.00000000	16.004621325529	0.712540863913	5.000000000000	4000.000000000000	3
37.09721	-119.28158	0.42485491	85488.00000000	16.004621325529	0.712540863913	5.000000000000	4000.000000000000	3
37.08767	-119.23201	0.16334664	90193.00000000	16.004621325529	0.712540863913	5.000000000000	4000.000000000000	3
37.31542	-119.38917	0.01121209	100183.00000000	16.004621325529	0.712540863913	5.000000000000	4000.000000000000	7
37.27651	-119.39081	0.39582694	79286.00000000	16.004621325529	0.712540863913	5.000000000000	4000.000000000000	7
37.27844	-119.35633	0.30125733	90298.00000000	16.004621325529	0.712540863913	5.000000000000	4000.000000000000	7
37.21273	-119.46007	0.40725507	68040.00000000	16.004621325529	0.712540863913	5.000000000000	4000.000000000000	7
37.21978	-119.40662	0.79883481	68257.00000000	16.004621325529	0.712540863913	5.000000000000	4000.000000000000	7
37.23083	-119.37167	0.01282822	89119.00000000	16.004621325529	0.712540863913	5.000000000000	4000.000000000000	7
37.18625	-119.44875	0.01299625	67554.00000000	16.004621325529	0.712540863913	5.000000000000	4000.000000000000	7
37.18625	-119.40355	0.01588431	67903.00000000	16.004621325529	0.712540863913	5.000000000000	4000.000000000000	7
37.53360	-119.47038	0.05351525	132205.00000000	16.004621325529	0.712540863913	5.000000000000	4000.000000000000	3
37.53500	-119.43251	0.07809781	131339.00000000	16.004621325529	0.712540863913	5.000000000000	4000.000000000000	3
37.47217	-119.52950	0.15828811	109649.00000000	16.004621325529	0.712540863913	5.000000000000	4000.000000000000	3
37.49126	-119.49126	0.01166684	117009.00000000	16.004621325529	0.712540863913	5.000000000000	4000.000000000000	3
37.45376	-119.09281	0.20463637	135803.00000000	16.004621325529	0.712540863913	5.000000000000	4000.000000000000	3
37.44042	-119.00083	0.00223868	169663.00000000	16.004621325529	0.712540863913	5.000000000000	4000.000000000000	3
37.44399	-118.96687	0.06331975	169510.00000000	16.004621325529	0.712540863913	5.000000000000	4000.000000000000	3
37.43625	-119.52250	0.00959489	109186.00000000	16.004621325529	0.712540863913	5.000000000000	4000.000000000000	3
37.42028	-119.08732	0.33110761	138881.00000000	16.004621325529	0.712540863913	5.000000000000	4000.000000000000	3
37.40446	-119.02890	0.64953865	144914.00000000	16.004621325529	0.712540863913	5.000000000000	4000.000000000000	3
37.41107	-118.97482	0.58545443	161386.00000000	16.004621325529	0.712540863913	5.000000000000	4000.000000000000	3
37.31958	-119.25083	0.00544557	112141.00000000	16.004621325529	0.712540863913	5.000000000000	4000.000000000000	3
37.32803	-119.21769	0.33407391	112326.00000000	16.004621325529	0.712540863913	5.000000000000	4000.000000000000	3
37.33250	-119.15375	0.44580930	120654.00000000	16.004621325529	0.712540863913	5.000000000000	4000.000000000000	3
37.32620	-119.09803	0.30347903	129641.00000000	16.004621325529	0.712540863913	5.000000000000	4000.000000000000	3
37.35263	-119.02596	0.15481549	151472.00000000	16.004621325529	0.712540863913	5.000000000000	4000.000000000000	3
37.34282	-118.96233	0.40877250	157506.00000000	16.004621325529	0.712540863913	5.000000000000	4000.000000000000	3
37.33705	-118.92605	0.20030789	166966.00000000	16.004621325529	0.712540863913	5.000000000000	4000.000000000000	3
37.26532	-119.25866	0.12021351	95673.00000000	16.004621325529	0.712540863913	5.000000000000	4000.000000000000	3
37.27219	-119.22370	0.45194621	101563.00000000	16.004621325529	0.712540863913	5.000000000000	4000.000000000000	3
37.30089	-119.15189	0.11311623	106711.00000000	16.004621325529	0.712540863913	5.000000000000	4000.000000000000	3
37.30760	-119.10615	0.06647671	129679.00000000	16.004621325529	0.712540863913	5.000000000000	4000.000000000000	3
37.30673	-119.04075	0.09594504	155323.00000000	16.004621325529	0.712540863913	5.000000000000	4000.000000000000	3
37.29660	-118.94876	0.17481397	161750.00000000	16.004621325529	0.712540863913	5.000000000000	4000.000000000000	3
37.28087	-118.91186	0.44691383	166735.00000000	16.004621325529	0.712540863913	5.000000000000	4000.000000000000	3
37.25952	-118.86732	0.06091165	182676.00000000	16.004621325529	0.712540863913	5.000000000000	4000.000000000000	3
37.24590	-119.25832	0.03142362	101132.00000000	16.004621325529	0.712540863913	5.000000000000	4000.000000000000	3
37.21755	-119.20644	0.30523257	94181.00000000	16.004621325529	0.712540863913	5.000000000000	4000.000000000000	3
37.21200	-119.16020	0.64551225	100307.00000000	16.004621325529	0.712540863913	5.000000000000	4000.000000000000	3
37.19530	-119.11463	0.06513531	109118.00000000	16.004621325529	0.712540863913	5.000000000000	4000.000000000000	3
37.24667	-118.86417	0.01282553	184271.00000000	16.004621325529	0.712540863913	5.000000000000	4000.000000000000	3
37.18083	-119.25083	0.00320918	92753.00000000	16.004621325529	0.712540863913	5.000000000000	4000.000000000000	3
37.17867	-119.21537	0.20233957	92938.00000000	16.004621325529	0.712540863913	5.000000000000	4000.000000000000	3
37.16174	-119.15084	0.44023651	100863.00000000	16.004621325529	0.712540863913	5.000000000000	4000.000000000000	3
37.14676	-119.10433	0.07285197	108625.00000000	16.004621325529	0.712540863913	5.000000000000	4000.000000000000	3
37.38000	-119.12583	0.00384091	139514.00000000	16.004621325529	0.712540863913	5.000000000000	4000.000000000000	16
37.38090	-119.09035	0.08481454	139236.00000000	16.004621325529	0.712540863913	5.000000000000	4000.000000000000	16
37.38260	-119.05354	0.06816795	149219.00000000	16.004621325529	0.712540863913	5.000000000000	4000.000000000000	16
37.32847	-119.45978	0.32173887	83562.00000000	16.004621325529	0.712540863913	5.000000000000	4000.000000000000	16
37.32304	-119.41563	0.15869172	85275.00000000	16.004621325529	0.712540863913	5.000000000000	4000.000000000000	16
37.35917	-119.12583	0.01216604	140802.00000000	16.004621325529	0.712540863913	5.000000000000	4000.000000000000	16
37.35409	-119.09112	0.53791027	140539.00000000	16.004621325529	0.712540863913	5.000000000000	4000.000000000000	16
37.34191	-119.03235	0.74581589	148973.00000000	16.004621325529	0.712540863913	5.000000000000	4000.000000000000	16
37.32955	-118.98707	0.21073772	157314.00000000	16.004621325529	0.712540863913	5.000000000000	4000.000000000000	16
37.30945	-119.45866	0.03379967	83284.00000000	16.004621325529	0.712540863913	5.000000000000	4000.000000000000	16
37.29141	-119.41232	0.28665492	80475.00000000	16.004621325529	0.712540863913	5.000000000000	4000.000000000000	16
37.30724	-119.01158	0.05863744	157020.00000000	16.004621325529	0.712540863913	5.000000000000	4000.000000000000	16
37.28298	-118.97095	0.66952754	160462.00000000	16.004621325529	0.712540863913	5.000000000000	4000.000000000000	16
37.25684	-118.92210	0.10354538	171727.00000000	16.004621325529	0.712540863913	5.000000000000	4000.000000000000	16
37.24295	-118.95502	0.11961052	171919.00000000	16.004621325529	0.712540863913	5.000000000000	4000.000000000000	16
37.24607	-118.92092	0.05996120	173383.00000000	16.004621325529	0.712540863913	5.000000000000	4000.000000000000	16
37.56958	-119.37583	0.00542740	150392.00000000	16.004621325529	0.712540863913	5.000000000000	4000.000000000000	2
37.56905	-119.36130	0.08715425	145723.00000000	16.004621325529	0.712540863913	5.000000000000	4000.000000000000	2
37.54042	-119.37583	0.01692735	128434.00000000	16.004621325529	0.712540863913	5.000000000000	4000.000000000000	2
37.53650	-119.34837	0.58353208	127753.00000000	16.004621325529	0.712540863913	5.000000000000	4000.000000000000	2
37.52719	-119.26274	0.27218770	126305.00000000	16.004621325529	0.712540863913	5.000000000000	4000.000000000000	2
37.53191	-119.23792	0.29958080	126059.00000000	16.004621325529	0.712540863913	5.000000000000	4000.000000000000	2
37.48313	-119.32339	0.09269894	120694.00000000	16.004621325529	0.712540863913	5.000000000000	4000.000000000000	2
37.47723	-119.28135	0.56835664	117060.00000000	16.004621325529	0.712540863913	5.000000000000	4000.000000000000	2
37.49250	-119.24667	0.02301043	124330.00000000	16.004621325529	0.712540863913	5.000000000000	4000.000000000000	2
37.31542	-119.08917	0.01121209	154889.00000000	16.004621325529	0.712540863913	5.000000000000	4000.000000000000	2
37.25975	-119.13270	0.05449893	108795.00000000	16.004621325529	0.712540863913	5.000000000000	4000.000000000000	2
37.27798	-119.09231	0.31635089	111255.00000000	16.004621325529	0.712540863913	5.000000000000	4000.000000000000	2
37.28051	-119.02920	0.41597912	122571.00000000	16.004621325529	0.712540863913	5.000000000000	4000.000000000000	2
37.26689	-118.99161	0.13141497	162376.00000000	16.004621325529	0.712540863913	5.000000000000	4000.000000000000	2
37.21395	-119.08236	0.44511715	113703.00000000	16.004621325529	0.712540863913	5.000000000000	4000.000000000000	2
37.21578	-119.03694	0.56913342	118768.00000000	16.004621325529	0.712540863913	5.000000000000	4000.000000000000	2
37.21798	-118.96639	0.44279306	130193.00000000	16.004621325529	0.712540863913	5.000000000000	4000.000000000000	2
37.21851	-118.92956	0.09557855	175128.00000000	16.004621325529	0.712540863913	5.000000000000	4000.000000000000	2
37.17375	-119.07792	0.08809793	112722.00000000	16.004621325529	0.712540863913	5.000000000000	4000.000000000000	2
37.15760	-119.02527	0.10273932	122833.00000000	16.004621325529	0.712540863913	5.000000000000	4000.000000000000	2
37.15330	-118.96583	0.00385079	130586.00000000	16.004621325529	0.712540863913	5.000000000000	4000.000000000000	2
37.50814	-119.45448	0.03275217	129242.00000000	16.004621325529	0.712540863913	5.000000000000	4000.000000000000	16
37.53196	-119.42112	0.21674365	129249.00000000	16.004621325529	0.712540863913	5.000000000000	4000.000000000000	16
37.51042	-119.19752	0.05751290	128542.00000000	16.004621325529	0.712540863913	5.000000000000	4000.000000000000	16
37.52673	-119.15396	0.43446979	129824.00000000	16.004621325529	0.712540863913	5.000000000000	4000.000000000000	16
37.53500	-119.12167	0.02555259	143055.00000000	16.004621325529	0.712540863913	5.000000000000	4000.000000000000	16
37.47101	-119.51282	0.12437474	112104.00000000	16.004621325529	0.712540863913	5.000000000000	4000.000000000000	16
37.47141	-119.47916	0.34718042	113184.00000000	16.004621325529	0.712540863913	5.000000000000	4000.000000000000	16
37.44684	-119.37826	0.02302679	117709.00000000	16.004621325529	0.712540863913	5.000000000000	4000.000000000000	16
37.45351	-119.35976	0.22478049	117693.00000000	16.004621325529	0.712540863913	5.000000000000	4000.000000000000	16
37.44042	-119.25083	0.00223868	116922.00000000	16.004621325529	0.712540863913	5.000000000000	4000.000000000000	16
37.46256	-119.21378	0.64340988	117053.00000000	16.004621325529	0.712540863913	5.000000000000	4000.000000000000	16
37.45979	-119.16378	0.52828353	125487.00000000	16.004621325529	0.712540863913	5.000000000000	4000.000000000000	16
37.44654	-119.11348	0.09209604	133751.00000000	16.004621325529	0.712540863913	5.000000000000	4000.000000000000	16
37.41910	-119.50919	0.13373088	102922.00000000	16.004621325529	0.712540863913	5.000000000000	4000.000000000000	16
37.41925	-119.49060	0.16857547	104188.00000000	16.004621325529	0.712540863913	5.000000000000	4000.000000000000	16
37.40206	-119.38400	0.14399408	109013.00000000	16.004621325529	0.712540863913	5.000000000000	4000.000000000000	16
37.40423	-119.34569	0.80371301	106178.00000000	16.004621325529	0.712540863913	5.000000000000	4000.000000000000	16
37.39696	-119.27438	0.45053353	107357.00000000	16.004621325529	0.712540863913	5.000000000000	4000.000000000000	16
37.40567	-119.22281	0.63108147	111793.00000000	16.004621325529	0.712540863913	5.000000000000	4000.000000000000	16
37.41369	-119.15227	0.60168982	120661.00000000	16.004621325529	0.712540863913	5.000000000000	4000.000000000000	16
37.40661	-119.11216	0.25018095	136327.00000000	16.004621325529	0.712540863913	5.000000000000	4000.000000000000	16
37.36782	-119.38206	0.05058230	108457.00000000	16.004621325529	0.712540863913	5.000000000000	4000.000000000000	16
37.35191	-119.33805	0.58746808	96156.00000000	16.004621325529	0.712540863913	5.000000000000	4000.000000000000	16
37.34721	-119.28042	0.79110101	99233.00000000	16.004621325529	0.712540863913	5.000000000000	4000.000000000000	16
37.35672	-119.22115	0.51389406	111255.00000000	16.004621325529	0.712540863913	5.000000000000	4000.000000000000	16
37.35301	-119.17686	0.14311743	119791.00000000	16.004621325529	0.712540863913	5.000000000000	4000.000000000000	16
37.31125	-119.32375	0.01297471	95878.00000000	16.004621325529	0.712540863913	5.000000000000	4000.000000000000	16
37.30308	-119.27164	0.07513334	98396.00000000	16.004621325529	0.712540863913	5.000000000000	4000.000000000000	16
37.25602	-119.20472	0.07051884	102020.00000000	16.004621325529	0.712540863913	5.000000000000	4000.000000000000	16
37.26749	-119.15600	0.38145487	103608.00000000	16.004621325529	0.712540863913	5.000000000000	4000.000000000000	16
37.28083	-119.11750	0.02884435	112428.00000000	16.004621325529	0.712540863913	5.000000000000	4000.000000000000	16
37.22250	-119.25083	0.00320741	93631.00000000	16.004621325529	0.712540863913	5.000000000000	4000.000000000000	16
37.21992	-119.22158	0.43622415	93817.00000000	16.004621325529	0.712540863913	5.000000000000	4000.000000000000	16
37.24417	-119.14889	0.09620736	105308.00000000	16.004621325529	0.712540863913	5.000000000000	4000.000000000000	16
37.14833	-119.21317	0.53133401	91087.00000000	16.004621325529	0.712540863913	5.000000000000	4000.000000000000	16
37.14274	-119.16956	0.05810778	101387.00000000	16.004621325529	0.712540863913	5.000000000000	4000.000000000000	16
37.10112	-119.20719	0.19306468	92788.00000000	16.004621325529	0.712540863913	5.000000000000	4000.000000000000	16
37.32463	-119.38380	0.08071815	99195.00000000	16.004621325529	0.712540863913	5.000000000000	4000.000000000000	3
37.31747	-119.36575	0.04420451	98431.00000000	16.004621325529	0.712540863913	5.000000000000	4000.000000000000	3
37.30932	-119.37851	0.00897061	98246.00000000	16.004621325529	0.712540863913	5.000000000000	4000.000000000000	3
37.30198	-119.35607	0.15443698	94497.00000000	16.004621325529	0.712540863913	5.000000000000	4000.000000000000	3
37.44042	-119.45583	0.03358026	124043.00000000	16.004621325529	0.712540863913	5.000000000000	4000.000000000000	16
37.40384	-119.46257	0.65752332	92603.00000000	16.004621325529	0.712540863913	5.000000000000	4000.000000000000	16
37.39533	-119.43080	0.13118579	95594.00000000	16.004621325529	0.712540863913	5.000000000000	4000.000000000000	16
37.35583	-119.44042	0.01120606	93744.00000000	16.004621325529	0.712540863913	5.000000000000	4000.000000000000	16
37.34519	-119.41805	0.35063680	94508.00000000	16.004621325529	0.712540863913	5.000000000000	4000.000000000000	16
37.57158	-119.21781	0.11333421	141719.00000000	16.004621325529	0.712540863913	5.000000000000	4000.000000000000	3
37.57798	-119.15074	0.31347495	140686.00000000	16.004621325529	0.712540863913	5.000000000000	4000.000000000000	3
37.57746	-119.10294	0.24515153	144777.00000000	16.004621325529	0.712540863913	5.000000000000	4000.000000000000	3
37.53011	-119.21208	0.43921563	126212.00000000	16.004621325529	0.712540863913	5.000000000000	4000.000000000000	3
37.55125	-119.15777	0.28994340	134413.00000000	16.004621325529	0.712540863913	5.000000000000	4000.000000000000	3
37.55390	-119.10987	0.12837832	142924.00000000	16.004621325529	0.712540863913	5.000000000000	4000.000000000000	3
37.46967	-119.55338	0.00911283	111030.00000000	16.004621325529	0.712540863913	5.000000000000	4000.000000000000	3
37.47369	-119.25440	0.02237741	123141.00000000	16.004621325529	0.712540863913	5.000000000000	4000.000000000000	3
37.48799	-119.23040	0.17259505	122454.00000000	16.004621325529	0.712540863913	5.000000000000	4000.000000000000	3
37.38543	-119.40710	0.10561263	112522.00000000	16.004621325529	0.712540863913	5.000000000000	4000.000000000000	3
37.40762	-119.20922	0.26876500	114199.00000000	16.004621325529	0.712540863913	5.000000000000	4000.000000000000	3
37.39138	-119.16479	0.29439260	123093.00000000	16.004621325529	0.712540863913	5.000000000000	4000.000000000000	3
37.35714	-119.39519	0.24012981	102036.00000000	16.004621325529	0.712540863913	5.000000000000	4000.000000000000	3
37.33024	-119.35259	0.26904091	96194.00000000	16.004621325529	0.712540863913	5.000000000000	4000.000000000000	3
37.36223	-119.14613	0.25294374	122143.00000000	16.004621325529	0.712540863913	5.000000000000	4000.000000000000	3
37.31125	-119.34333	0.00961090	95970.00000000	16.004621325529	0.712540863913	5.000000000000	4000.000000000000	3
37.50083	-119.44042	0.00223688	129166.00000000	16.004621325529	0.712540863913	5.000000000000	4000.000000000000	3
37.50083	-119.40653	0.01437991	126165.00000000	16.004621325529	0.712540863913	5.000000000000	4000.000000000000	3
37.50083	-119.37167	0.00255643	126334.00000000	16.004621325529	0.712540863913	5.000000000000	4000.000000000000	3
37.46378	-119.45400	0.37809638	123148.00000000	16.004621325529	0.712540863913	5.000000000000	4000.000000000000	3
37.46807	-119.40704	0.83769876	117747.00000000	16.004621325529	0.712540863913	5.000000000000	4000.000000000000	3
37.46815	-119.34088	0.49600051	116520.00000000	16.004621325529	0.712540863913	5.000000000000	4000.000000000000	3
37.45119	-119.28118	0.30869248	115957.00000000	16.004621325529	0.712540863913	5.000000000000	4000.000000000000	3
37.45583	-119.24667	0.03836953	118373.00000000	16.004621325529	0.712540863913	5.000000000000	4000.000000000000	3
37.43374	-119.45482	0.02414796	121851.00000000	16.004621325529	0.712540863913	5.000000000000	4000.000000000000	3
37.41448	-119.40599	0.51814013	112413.00000000	16.004621325529	0.712540863913	5.000000000000	4000.000000000000	3
37.42310	-119.32757	0.09613336	110170.00000000	16.004621325529	0.712540863913	5.000000000000	4000.000000000000	3
37.41556	-119.28814	0.44937620	109147.00000000	16.004621325529	0.712540863913	5.000000000000	4000.000000000000	3
37.31869	-119.28917	0.10409644	99627.00000000	16.004621325529	0.712540863913	5.000000000000	4000.000000000000	3
37.28637	-119.32328	0.24357363	89189.00000000	16.004621325529	0.712540863913	5.000000000000	4000.000000000000	3
37.28257	-119.29116	0.47911747	90416.00000000	16.004621325529	0.712540863913	5.000000000000	4000.000000000000	3
37.23434	-119.27190	0.25013672	87020.00000000	16.004621325529	0.712540863913	5.000000000000	4000.000000000000	3
37.23083	-119.24667	0.01282822	94727.00000000	16.004621325529	0.712540863913	5.000000000000	4000.000000000000	3
37.72114	-119.29488	0.00286873	164058.00000000	16.004621325529	0.712540863913	5.000000000000	4000.000000000000	16
37.66134	-119.34384	0.10220726	150699.00000000	16.004621325529	0.712540863913	5.000000000000	4000.000000000000	16
37.65574	-119.29272	0.37535372	156538.00000000	16.004621325529	0.712540863913	5.000000000000	4000.000000000000	16
37.64970	-119.19830	0.18242135	153275.00000000	16.004621325529	0.712540863913	5.000000000000	4000.000000000000	16
37.64025	-119.15158	0.29024781	154787.00000000	16.004621325529	0.712540863913	5.000000000000	4000.000000000000	16
37.64776	-119.09340	0.50484199	155850.00000000	16.004621325529	0.712540863913	5.000000000000	4000.000000000000	16
37.63917	-119.05840	0.03029883	158928.00000000	16.004621325529	0.712540863913	5.000000000000	4000.000000000000	16
37.60524	-119.33858	0.49720417	143732.00000000	16.004621325529	0.712540863913	5.000000000000	4000.000000000000	16
37.60325	-119.30351	0.08359998	144812.00000000	16.004621325529	0.712540863913	5.000000000000	4000.000000000000	16
37.62167	-119.19458	0.02169443	152850.00000000	16.004621325529	0.712540863913	5.000000000000	4000.000000000000	16
37.61475	-119.13984	0.14678283	147938.00000000	16.004621325529	0.712540863913	5.000000000000	4000.000000000000	16
37.60238	-119.09683	0.39316239	148069.00000000	16.004621325529	0.712540863913	5.000000000000	4000.000000000000	16
37.58617	-119.03690	0.30881150	152824.00000000	16.004621325529	0.712540863913	5.000000000000	4000.000000000000	16
37.56542	-118.94750	0.00351211	167442.00000000	16.004621325529	0.712540863913	5.000000000000	4000.000000000000	16
37.55442	-119.40282	0.00766450	134155.00000000	16.004621325529	0.712540863913	5.000000000000	4000.000000000000	16
37.50083	-119.12583	0.00063911	152073.00000000	16.004621325529	0.712540863913	5.000000000000	4000.000000000000	16
37.51795	-119.08768	0.24692816	148024.00000000	16.004621325529	0.712540863913	5.000000000000	4000.000000000000	16
37.52637	-119.02915	0.69386548	150910.00000000	16.004621325529	0.712540863913	5.000000000000	4000.000000000000	16
37.52101	-118.97457	0.50804317	159344.00000000	16.004621325529	0.712540863913	5.000000000000	4000.000000000000	16
37.52516	-118.91388	0.36896018	168778.00000000	16.004621325529	0.712540863913	5.000000000000	4000.000000000000	16
37.49667	-119.12583	0.00255657	136666.00000000	16.004621325529	0.712540863913	5.000000000000	4000.000000000000	16
37.47807	-119.08369	0.44965383	136797.00000000	16.004621325529	0.712540863913	5.000000000000	4000.000000000000	16
37.46722	-119.02995	0.83550031	146740.00000000	16.004621325529	0.712540863913	5.000000000000	4000.000000000000	16
37.47062	-118.96889	0.89982320	164860.00000000	16.004621325529	0.712540863913	5.000000000000	4000.000000000000	16
37.46501	-118.90779	0.78465623	168832.00000000	16.004621325529	0.712540863913	5.000000000000	4000.000000000000	16
37.46029	-118.84336	0.63749195	177516.00000000	16.004621325529	0.712540863913	5.000000000000	4000.000000000000	16
37.46024	-118.79090	0.45429444	184029.00000000	16.004621325529	0.712540863913	5.000000000000	4000.000000000000	16
37.43625	-119.06542	0.00335821	146030.00000000	16.004621325529	0.712540863913	5.000000000000	4000.000000000000	16
37.42627	-119.03437	0.16301551	146516.00000000	16.004621325529	0.712540863913	5.000000000000	4000.000000000000	16
37.40557	-118.94600	0.18321907	165205.00000000	16.004621325529	0.712540863913	5.000000000000	4000.000000000000	16
37.41014	-118.90422	1.12389153	167049.00000000	16.004621325529	0.712540863913	5.000000000000	4000.000000000000	16
37.40625	-118.84375	0.89988160	175927.00000000	16.004621325529	0.712540863913	5.000000000000	4000.000000000000	16
37.40881	-118.79401	0.47141452	184553.00000000	16.004621325529	0.712540863913	5.000000000000	4000.000000000000	16
37.31692	-119.20203	0.05269480	116062.00000000	16.004621325529	0.712540863913	5.000000000000	4000.000000000000	16
37.31858	-119.17978	0.04660688	122699.00000000	16.004621325529	0.712540863913	5.000000000000	4000.000000000000	16
37.31542	-119.10167	0.02242418	150578.00000000	16.004621325529	0.712540863913	5.000000000000	4000.000000000000	16
37.35414	-118.96229	0.25550697	159913.00000000	16.004621325529	0.712540863913	5.000000000000	4000.000000000000	16
37.34567	-118.90059	0.70039037	167381.00000000	16.004621325529	0.712540863913	5.000000000000	4000.000000000000	16
37.34375	-118.84375	0.90063174	175831.00000000	16.004621325529	0.712540863913	5.000000000000	4000.000000000000	16
37.34083	-118.78845	0.61445790	185661.00000000	16.004621325529	0.712540863913	5.000000000000	4000.000000000000	16
37.31884	-118.72668	0.09560054	206012.00000000	16.004621325529	0.712540863913	5.000000000000	4000.000000000000	16
37.29023	-119.26183	0.15060997	95702.00000000	16.004621325529	0.712540863913	5.000000000000	4000.000000000000	16
37.29701	-119.21561	0.37666164	106663.00000000	16.004621325529	0.712540863913	5.000000000000	4000.000000000000	16
37.29406	-119.16122	0.34493048	107133.00000000	16.004621325529	0.712540863913	5.000000000000	4000.000000000000	16
37.27981	-119.09159	0.48972448	111332.00000000	16.004621325529	0.712540863913	5.000000000000	4000.000000000000	16
37.27018	-119.03456	0.33081818	119990.00000000	16.004621325529	0.712540863913	5.000000000000	4000.000000000000	16
37.25083	-118.99250	0.00577117	173316.00000000	16.004621325529	0.712540863913	5.000000000000	4000.000000000000	16
37.28894	-118.89443	0.35092115	169797.00000000	16.004621325529	0.712540863913	5.000000000000	4000.000000000000	16
37.28282	-118.84204	0.84052352	181833.00000000	16.004621325529	0.712540863913	5.000000000000	4000.000000000000	16
37.28125	-118.78125	0.90138081	187234.00000000	16.004621325529	0.712540863913	5.000000000000	4000.000000000000	16
37.28044	-118.71971	0.86335608	201532.00000000	16.004621325529	0.712540863913	5.000000000000	4000.000000000000	16
37.26640	-118.67977	0.11266338	210173.00000000	16.004621325529	0.712540863913	5.000000000000	4000.000000000000	16
37.22537	-119.13119	0.11483478	108357.00000000	16.004621325529	0.712540863913	5.000000000000	4000.000000000000	16
37.22810	-119.10321	0.39189879	109472.00000000	16.004621325529	0.712540863913	5.000000000000	4000.000000000000	16
37.22383	-119.02153	0.36500654	119161.00000000	16.004621325529	0.712540863913	5.000000000000	4000.000000000000	16
37.20969	-118.97901	0.22165697	130308.00000000	16.004621325529	0.712540863913	5.000000000000	4000.000000000000	16
37.21654	-118.90139	0.52749838	174773.00000000	16.004621325529	0.712540863913	5.000000000000	4000.000000000000	16
37.21835	-118.84346	0.88927573	182136.00000000	16.004621325529	0.712540863913	5.000000000000	4000.000000000000	16
37.21875	-118.78125	0.90212880	191772.00000000	16.004621325529	0.712540863913	5.000000000000	4000.000000000000	16
37.21875	-118.71875	0.90212880	200068.00000000	16.004621325529	0.712540863913	5.000000000000	4000.000000000000	16
37.21449	-118.68151	0.12409987	209102.00000000	16.004621325529	0.712540863913	5.000000000000	4000.000000000000	16
37.15544	-119.09275	0.09034527	110076.00000000	16.004621325529	0.712540863913	5.000000000000	4000.000000000000	16
37.15282	-119.04647	0.01604584	129375.00000000	16.004621325529	0.712540863913	5.000000000000	4000.000000000000	16
37.17615	-118.98754	0.00850395	130625.00000000	16.004621325529	0.712540863913	5.000000000000	4000.000000000000	16
37.16660	-118.89405	0.00016045	190375.00000000	16.004621325529	0.712540863913	5.000000000000	4000.000000000000	16
37.16270	-118.84260	0.09552333	189736.00000000	16.004621325529	0.712540863913	5.000000000000	4000.000000000000	16
37.15625	-118.78125	0.77643860	195760.00000000	16.004621325529	0.712540863913	5.000000000000	4000.000000000000	16
37.15625	-118.71875	0.90287572	200199.00000000	16.004621325529	0.712540863913	5.000000000000	4000.000000000000	16
37.14803	-118.66720	0.29899483	208339.00000000	16.004621325529	0.712540863913	5.000000000000	4000.000000000000	16
37.09457	-118.77985	0.16062682	204223.00000000	16.004621325529	0.712540863913	5.000000000000	4000.000000000000	16
37.09706	-118.72189	0.41425907	205217.00000000	16.004621325529	0.712540863913	5.000000000000	4000.000000000000	16
37.10144	-118.65321	0.06279271	214209.00000000	16.004621325529	0.712540863913	5.000000000000	4000.000000000000	16
37.71294	-119.26751	0.15026658	160217.00000000	16.004621325529	0.712540863913	5.000000000000	4000.000000000000	3
37.70798	-119.21706	0.53740276	159261.00000000	16.004621325529	0.712540863913	5.000000000000	4000.000000000000	3
37.71144	-119.15646	0.68106637	169458.00000000	16.004621325529	0.712540863913	5.000000000000	4000.000000000000	3
37.70370	-119.10688	0.28533173	165479.00000000	16.004621325529	0.712540863913	5.000000000000	4000.000000000000	3
37.64024	-119.34346	0.04912164	150923.00000000	16.004621325529	0.712540863913	5.000000000000	4000.000000000000	3
37.65674	-119.27040	0.42112993	152310.00000000	16.004621325529	0.712540863913	5.000000000000	4000.000000000000	3
37.65792	-119.22397	0.71444351	150450.00000000	16.004621325529	0.712540863913	5.000000000000	4000.000000000000	3
37.66390	-119.15848	0.60666499	155065.00000000	16.004621325529	0.712540863913	5.000000000000	4000.000000000000	3
37.66701	-119.09445	0.38677715	156768.00000000	16.004621325529	0.712540863913	5.000000000000	4000.000000000000	3
37.64056	-119.05124	0.09137637	158890.00000000	16.004621325529	0.712540863913	5.000000000000	4000.000000000000	3
37.59659	-119.38566	0.08331986	150578.00000000	16.004621325529	0.712540863913	5.000000000000	4000.000000000000	3
37.58238	-119.34707	0.30659488	141811.00000000	16.004621325529	0.712540863913	5.000000000000	4000.000000000000	3
37.59277	-119.27896	0.81401223	137769.00000000	16.004621325529	0.712540863913	5.000000000000	4000.000000000000	3
37.59625	-119.21958	0.76260118	137769.00000000	16.004621325529	0.712540863913	5.000000000000	4000.000000000000	3
37.59801	-119.16571	0.43733871	139398.00000000	16.004621325529	0.712540863913	5.000000000000	4000.000000000000	3
37.59606	-119.08039	0.25930456	145816.00000000	16.004621325529	0.712540863913	5.000000000000	4000.000000000000	3
37.59045	-119.04340	0.25787238	152115.00000000	16.004621325529	0.712540863913	5.000000000000	4000.000000000000	3
37.56542	-118.98833	0.02362413	162562.00000000	16.004621325529	0.712540863913	5.000000000000	4000.000000000000	3
37.52722	-119.39287	0.42295160	126350.00000000	16.004621325529	0.712540863913	5.000000000000	4000.000000000000	3
37.52168	-119.33489	0.31225602	126558.00000000	16.004621325529	0.712540863913	5.000000000000	4000.000000000000	3
37.53301	-119.28929	0.62625486	127606.00000000	16.004621325529	0.712540863913	5.000000000000	4000.000000000000	3
37.54597	-119.20314	0.10203619	128635.00000000	16.004621325529	0.712540863913	5.000000000000	4000.000000000000	3
37.51195	-119.15868	0.20526176	129546.00000000	16.004621325529	0.712540863913	5.000000000000	4000.000000000000	3
37.53181	-119.09117	0.49749623	143710.00000000	16.004621325529	0.712540863913	5.000000000000	4000.000000000000	3
37.54779	-119.03837	0.20453192	151920.00000000	16.004621325529	0.712540863913	5.000000000000	4000.000000000000	3
37.54397	-118.96113	0.36649034	160392.00000000	16.004621325529	0.712540863913	5.000000000000	4000.000000000000	3
37.51120	-118.90957	0.13272590	168986.00000000	16.004621325529	0.712540863913	5.000000000000	4000.000000000000	3
37.50500	-118.86750	0.02236727	177835.00000000	16.004621325529	0.712540863913	5.000000000000	4000.000000000000	3
37.49667	-119.40583	0.03834857	126558.00000000	16.004621325529	0.712540863913	5.000000000000	4000.000000000000	3
37.49667	-119.34042	0.08564514	125932.00000000	16.004621325529	0.712540863913	5.000000000000	4000.000000000000	3
37.49667	-119.30292	0.02940057	126788.00000000	16.004621325529	0.712540863913	5.000000000000	4000.000000000000	3
37.49667	-119.19458	0.02173086	127609.00000000	16.004621325529	0.712540863913	5.000000000000	4000.000000000000	3
37.48140	-119.14566	0.36824889	129507.00000000	16.004621325529	0.712540863913	5.000000000000	4000.000000000000	3
37.47479	-119.11271	0.15278838	133943.00000000	16.004621325529	0.712540863913	5.000000000000	4000.000000000000	3
37.49059	-119.05010	0.06136512	153463.00000000	16.004621325529	0.712540863913	5.000000000000	4000.000000000000	3
37.49436	-118.89571	0.11442967	170267.00000000	16.004621325529	0.712540863913	5.000000000000	4000.000000000000	3
37.48975	-118.86475	0.06136228	177381.00000000	16.004621325529	0.712540863913	5.000000000000	4000.000000000000	3
37.39458	-119.08465	0.23041038	139945.00000000	16.004621325529	0.712540863913	5.000000000000	4000.000000000000	3
37.39452	-118.91238	0.22400993	167442.00000000	16.004621325529	0.712540863913	5.000000000000	4000.000000000000	3
37.37167	-119.09333	0.02560845	143889.00000000	16.004621325529	0.712540863913	5.000000000000	4000.000000000000	3
37.38083	-119.00500	0.01920399	162204.00000000	16.004621325529	0.712540863913	5.000000000000	4000.000000000000	14
37.38567	-118.97343	0.13122097	160916.00000000	16.004621325529	0.712540863913	5.000000000000	4000.000000000000	14
37.32250	-119.57250	0.01601576	89113.00000000	16.004621325529	0.712540863913	5.000000000000	4000.000000000000	14
37.31542	-119.55167	0.02242418	86065.00000000	16.004621325529	0.712540863913	5.000000000000	4000.000000000000	14
37.37167	-118.98500	0.02560845	160136.00000000	16.004621325529	0.712540863913	5.000000000000	4000.000000000000	14
37.30442	-119.53662	0.05767195	82997.00000000	16.004621325529	0.712540863913	5.000000000000	4000.000000000000	14
37.25083	-119.19042	0.00224434	102991.00000000	16.004621325529	0.712540863913	5.000000000000	4000.000000000000	14
37.25083	-119.17792	0.00737427	103477.00000000	16.004621325529	0.712540863913	5.000000000000	4000.000000000000	14
37.26250	-118.95917	0.08014271	169311.00000000	16.004621325529	0.712540863913	5.000000000000	4000.000000000000	14
37.23826	-119.21490	0.07311367	95907.00000000	16.004621325529	0.712540863913	5.000000000000	4000.000000000000	14
37.24403	-119.17894	0.04553342	103062.00000000	16.004621325529	0.712540863913	5.000000000000	4000.000000000000	14
37.13174	-119.29542	0.07706401	83411.00000000	16.004621325529	0.712540863913	5.000000000000	4000.000000000000	14
37.11804	-119.29105	0.09957080	85450.00000000	16.004621325529	0.712540863913	5.000000000000	4000.000000000000	14
37.00964	-119.69442	0.05596750	486.00000000	16.004621325529	0.712540863913	5.000000000000	4000.000000000000	14
37.01917	-119.66663	0.20357584	2023.00000000	16.004621325529	0.712540863913	5.000000000000	4000.000000000000	14
36.99667	-119.69042	0.00900757	1451.00000000	16.004621325529	0.712540863913	5.000000000000	4000.000000000000	14
36.99667	-119.68625	0.00386039	2099.00000000	16.004621325529	0.712540863913	5.000000000000	4000.000000000000	14
