39.30930	-120.76777	0.00013832	110267.00000000	16.004621325529	0.712540863913	5.000000000000	4000.000000000000	9
39.25992	-120.72436	0.07053434	109951.00000000	16.004621325529	0.712540863913	5.000000000000	4000.000000000000	9
39.19499	-120.82332	0.04816965	95758.00000000	16.004621325529	0.712540863913	5.000000000000	4000.000000000000	9
39.21445	-120.77998	0.28481023	97363.00000000	16.004621325529	0.712540863913	5.000000000000	4000.000000000000	9
39.24399	-120.74399	0.03098625	108161.00000000	16.004621325529	0.712540863913	5.000000000000	4000.000000000000	9
39.16100	-120.83731	0.33502160	82186.00000000	16.004621325529	0.712540863913	5.000000000000	4000.000000000000	9
39.15128	-120.77632	0.33370020	84216.00000000	16.004621325529	0.712540863913	5.000000000000	4000.000000000000	9
39.14346	-120.74242	0.11578917	96206.00000000	16.004621325529	0.712540863913	5.000000000000	4000.000000000000	9
39.07705	-120.88038	0.03050469	71209.00000000	16.004621325529	0.712540863913	5.000000000000	4000.000000000000	9
39.09841	-120.83555	0.39437823	73925.00000000	16.004621325529	0.712540863913	5.000000000000	4000.000000000000	9
39.08397	-120.77997	0.13104821	81061.00000000	16.004621325529	0.712540863913	5.000000000000	4000.000000000000	9
39.09711	-120.74050	0.22592535	88948.00000000	16.004621325529	0.712540863913	5.000000000000	4000.000000000000	9
39.00751	-120.88668	0.07550133	62458.00000000	16.004621325529	0.712540863913	5.000000000000	4000.000000000000	9
39.02798	-120.83956	0.44222623	66302.00000000	16.004621325529	0.712540863913	5.000000000000	4000.000000000000	9
39.04889	-120.78657	0.28504845	78140.00000000	16.004621325529	0.712540863913	5.000000000000	4000.000000000000	9
39.05464	-120.74356	0.04355254	88791.00000000	16.004621325529	0.712540863913	5.000000000000	4000.000000000000	9
39.01102	-120.51548	0.14210762	113129.00000000	16.004621325529	0.712540863913	5.000000000000	4000.000000000000	9
39.00500	-120.48417	0.06329342	119031.00000000	16.004621325529	0.712540863913	5.000000000000	4000.000000000000	9
38.99033	-120.89748	0.10218353	60985.00000000	16.004621325529	0.712540863913	5.000000000000	4000.000000000000	9
38.99667	-120.87167	0.00888433	65737.00000000	16.004621325529	0.712540863913	5.000000000000	4000.000000000000	9
38.96456	-120.77505	0.24774032	73614.00000000	16.004621325529	0.712540863913	5.000000000000	4000.000000000000	9
38.96684	-120.73517	0.18274504	80993.00000000	16.004621325529	0.712540863913	5.000000000000	4000.000000000000	9
38.96361	-120.64302	0.16389485	98026.00000000	16.004621325529	0.712540863913	5.000000000000	4000.000000000000	9
38.96348	-120.58777	0.26791459	103212.00000000	16.004621325529	0.712540863913	5.000000000000	4000.000000000000	9
38.96869	-120.52696	0.62034811	110421.00000000	16.004621325529	0.712540863913	5.000000000000	4000.000000000000	9
38.97830	-120.48706	0.24769429	118101.00000000	16.004621325529	0.712540863913	5.000000000000	4000.000000000000	9
38.93223	-120.77691	0.11617132	73800.00000000	16.004621325529	0.712540863913	5.000000000000	4000.000000000000	9
38.93361	-120.74240	0.02278768	82443.00000000	16.004621325529	0.712540863913	5.000000000000	4000.000000000000	9
38.90837	-120.63537	0.17568686	97349.00000000	16.004621325529	0.712540863913	5.000000000000	4000.000000000000	9
38.90070	-120.59628	0.53474984	97481.00000000	16.004621325529	0.712540863913	5.000000000000	4000.000000000000	9
38.90898	-120.52872	0.41268941	113814.00000000	16.004621325529	0.712540863913	5.000000000000	4000.000000000000	9
38.91880	-120.49250	0.07504399	124669.00000000	16.004621325529	0.712540863913	5.000000000000	4000.000000000000	9
38.87167	-120.62583	0.00222500	96662.00000000	16.004621325529	0.712540863913	5.000000000000	4000.000000000000	9
38.87167	-120.58952	0.03115002	96886.00000000	16.004621325529	0.712540863913	5.000000000000	4000.000000000000	9
38.75672	-120.76768	0.07576142	59846.00000000	16.004621325529	0.712540863913	5.000000000000	4000.000000000000	9
38.75636	-120.74007	0.04957709	69818.00000000	16.004621325529	0.712540863913	5.000000000000	4000.000000000000	9
38.75760	-120.64037	0.09805090	85685.00000000	16.004621325529	0.712540863913	5.000000000000	4000.000000000000	9
38.76022	-120.58914	0.23255912	80365.00000000	16.004621325529	0.712540863913	5.000000000000	4000.000000000000	9
38.75689	-120.53459	0.11214917	86044.00000000	16.004621325529	0.712540863913	5.000000000000	4000.000000000000	9
38.75550	-120.46741	0.10854654	108505.00000000	16.004621325529	0.712540863913	5.000000000000	4000.000000000000	9
38.75500	-120.42792	0.03844420	117625.00000000	16.004621325529	0.712540863913	5.000000000000	4000.000000000000	9
38.72984	-120.76911	0.22239600	56897.00000000	16.004621325529	0.712540863913	5.000000000000	4000.000000000000	9
38.72974	-120.72432	0.34052336	61824.00000000	16.004621325529	0.712540863913	5.000000000000	4000.000000000000	9
38.72854	-120.65070	0.43865295	70047.00000000	16.004621325529	0.712540863913	5.000000000000	4000.000000000000	9
38.73917	-120.60344	0.18965001	78020.00000000	16.004621325529	0.712540863913	5.000000000000	4000.000000000000	9
38.74667	-120.44875	0.02006168	114391.00000000	16.004621325529	0.712540863913	5.000000000000	4000.000000000000	9
38.74667	-120.42792	0.02521498	119361.00000000	16.004621325529	0.712540863913	5.000000000000	4000.000000000000	9
38.87583	-121.08500	0.00111244	30932.00000000	16.004621325529	0.712540863913	5.000000000000	4000.000000000000	6
38.86804	-121.09105	0.07453888	28503.00000000	16.004621325529	0.712540863913	5.000000000000	4000.000000000000	6
38.72250	-121.16972	0.03330698	4583.00000000	16.004621325529	0.712540863913	5.000000000000	4000.000000000000	6
38.78784	-120.57309	0.12252380	96659.00000000	16.004621325529	0.712540863913	5.000000000000	4000.000000000000	7
38.77403	-120.53591	0.27291590	99746.00000000	16.004621325529	0.712540863913	5.000000000000	4000.000000000000	7
38.77398	-120.46531	0.32999276	108172.00000000	16.004621325529	0.712540863913	5.000000000000	4000.000000000000	7
38.77537	-120.43251	0.04038119	116861.00000000	16.004621325529	0.712540863913	5.000000000000	4000.000000000000	7
38.83761	-121.10248	0.13551410	20380.00000000	16.004621325529	0.712540863913	5.000000000000	4000.000000000000	3
38.76769	-121.13590	0.05821545	10594.00000000	16.004621325529	0.712540863913	5.000000000000	4000.000000000000	3
38.79668	-121.11341	0.03842170	15445.00000000	16.004621325529	0.712540863913	5.000000000000	4000.000000000000	3
38.70310	-121.16603	0.15375233	1304.00000000	16.004621325529	0.712540863913	5.000000000000	4000.000000000000	3
38.68625	-121.17667	0.00836548	687.00000000	16.004621325529	0.712540863913	5.000000000000	4000.000000000000	3
38.69337	-121.15132	0.03220405	2106.00000000	16.004621325529	0.712540863913	5.000000000000	4000.000000000000	4
38.68208	-121.16641	0.03541592	818.00000000	16.004621325529	0.712540863913	5.000000000000	4000.000000000000	4
38.67250	-121.16417	0.00683303	2052.00000000	16.004621325529	0.712540863913	5.000000000000	4000.000000000000	16
38.93083	-120.15583	0.00903141	185521.00000000	16.004621325529	0.712540863913	5.000000000000	4000.000000000000	16
38.85954	-120.11750	0.00876278	163424.00000000	16.004621325529	0.712540863913	5.000000000000	4000.000000000000	16
39.29556	-120.39686	0.16491713	150840.00000000	16.004621325529	0.712540863913	5.000000000000	4000.000000000000	3
39.28824	-120.34598	0.21289233	155394.00000000	16.004621325529	0.712540863913	5.000000000000	4000.000000000000	3
39.26460	-120.30215	0.05006167	160408.00000000	16.004621325529	0.712540863913	5.000000000000	4000.000000000000	3
39.24019	-120.28407	0.04758805	161504.00000000	16.004621325529	0.712540863913	5.000000000000	4000.000000000000	3
39.13417	-120.25083	0.00609609	166793.00000000	16.004621325529	0.712540863913	5.000000000000	4000.000000000000	3
39.13417	-120.24667	0.01898006	166870.00000000	16.004621325529	0.712540863913	5.000000000000	4000.000000000000	3
39.08178	-120.26907	0.16221919	160105.00000000	16.004621325529	0.712540863913	5.000000000000	4000.000000000000	3
39.08460	-120.24000	0.09413712	166586.00000000	16.004621325529	0.712540863913	5.000000000000	4000.000000000000	3
39.06125	-120.25083	0.00083215	168353.00000000	16.004621325529	0.712540863913	5.000000000000	4000.000000000000	3
39.05284	-120.21713	0.09487533	168353.00000000	16.004621325529	0.712540863913	5.000000000000	4000.000000000000	3
38.88000	-120.95583	0.05005666	45338.00000000	16.004621325529	0.712540863913	5.000000000000	4000.000000000000	16
38.81542	-121.01417	0.00974208	36196.00000000	16.004621325529	0.712540863913	5.000000000000	4000.000000000000	16
38.86312	-120.94929	0.10431426	41580.00000000	16.004621325529	0.712540863913	5.000000000000	4000.000000000000	16
38.83641	-120.89456	0.21008789	41504.00000000	16.004621325529	0.712540863913	5.000000000000	4000.000000000000	16
38.84750	-120.87167	0.01112879	56223.00000000	16.004621325529	0.712540863913	5.000000000000	4000.000000000000	16
38.77485	-121.07920	0.16292027	16340.00000000	16.004621325529	0.712540863913	5.000000000000	4000.000000000000	16
38.78923	-121.01914	0.10581071	18229.00000000	16.004621325529	0.712540863913	5.000000000000	4000.000000000000	16
38.77853	-120.96914	0.11613365	28590.00000000	16.004621325529	0.712540863913	5.000000000000	4000.000000000000	16
38.76463	-120.92679	0.13731267	38302.00000000	16.004621325529	0.712540863913	5.000000000000	4000.000000000000	16
38.72871	-121.04305	0.16163904	18075.00000000	16.004621325529	0.712540863913	5.000000000000	4000.000000000000	16
38.74250	-120.94042	0.01755368	36352.00000000	16.004621325529	0.712540863913	5.000000000000	4000.000000000000	16
38.72182	-120.91437	0.24582345	37077.00000000	16.004621325529	0.712540863913	5.000000000000	4000.000000000000	16
38.68154	-120.89388	0.03206903	46390.00000000	16.004621325529	0.712540863913	5.000000000000	4000.000000000000	16
38.94731	-121.02321	0.10584709	43214.00000000	16.004621325529	0.712540863913	5.000000000000	4000.000000000000	4
38.95081	-120.97533	0.11945603	47905.00000000	16.004621325529	0.712540863913	5.000000000000	4000.000000000000	4
38.89094	-121.06542	0.02516546	33540.00000000	16.004621325529	0.712540863913	5.000000000000	4000.000000000000	4
38.90867	-121.03450	0.42712251	32399.00000000	16.004621325529	0.712540863913	5.000000000000	4000.000000000000	4
38.93213	-120.98037	0.06947284	45444.00000000	16.004621325529	0.712540863913	5.000000000000	4000.000000000000	4
38.85324	-121.07759	0.17610107	24755.00000000	16.004621325529	0.712540863913	5.000000000000	4000.000000000000	4
38.84309	-121.02516	0.57845604	27871.00000000	16.004621325529	0.712540863913	5.000000000000	4000.000000000000	4
38.82731	-120.99229	0.09962064	34166.00000000	16.004621325529	0.712540863913	5.000000000000	4000.000000000000	4
38.81974	-120.88183	0.02978303	48014.00000000	16.004621325529	0.712540863913	5.000000000000	4000.000000000000	4
38.82501	-120.86024	0.16362979	52149.00000000	16.004621325529	0.712540863913	5.000000000000	4000.000000000000	4
38.75083	-121.06542	0.00195018	17049.00000000	16.004621325529	0.712540863913	5.000000000000	4000.000000000000	4
38.79655	-121.03226	0.26477685	17644.00000000	16.004621325529	0.712540863913	5.000000000000	4000.000000000000	4
38.78073	-120.96902	0.55612349	27602.00000000	16.004621325529	0.712540863913	5.000000000000	4000.000000000000	4
38.80452	-120.88796	0.03285161	46256.00000000	16.004621325529	0.712540863913	5.000000000000	4000.000000000000	4
38.78338	-120.84190	0.55249683	49985.00000000	16.004621325529	0.712540863913	5.000000000000	4000.000000000000	4
38.76118	-120.81032	0.01615564	60844.00000000	16.004621325529	0.712540863913	5.000000000000	4000.000000000000	4
38.71576	-121.07940	0.35751186	11392.00000000	16.004621325529	0.712540863913	5.000000000000	4000.000000000000	4
38.70584	-121.04810	0.23231654	17567.00000000	16.004621325529	0.712540863913	5.000000000000	4000.000000000000	4
38.73204	-120.95162	0.18114777	32734.00000000	16.004621325529	0.712540863913	5.000000000000	4000.000000000000	4
38.70572	-120.91527	0.23890584	37039.00000000	16.004621325529	0.712540863913	5.000000000000	4000.000000000000	4
38.72687	-120.83750	0.17028542	45411.00000000	16.004621325529	0.712540863913	5.000000000000	4000.000000000000	4
38.73080	-120.80687	0.08277189	54260.00000000	16.004621325529	0.712540863913	5.000000000000	4000.000000000000	4
38.68208	-121.07375	0.04475958	23693.00000000	16.004621325529	0.712540863913	5.000000000000	4000.000000000000	4
38.68305	-121.03924	0.03820585	24719.00000000	16.004621325529	0.712540863913	5.000000000000	4000.000000000000	4
38.67922	-120.91042	0.13818893	44229.00000000	16.004621325529	0.712540863913	5.000000000000	4000.000000000000	4
38.66166	-120.85456	0.10864324	49384.00000000	16.004621325529	0.712540863913	5.000000000000	4000.000000000000	4
38.82720	-120.94836	0.12092233	35246.00000000	16.004621325529	0.712540863913	5.000000000000	4000.000000000000	3
38.82304	-120.91987	0.16154505	39845.00000000	16.004621325529	0.712540863913	5.000000000000	4000.000000000000	3
38.80587	-120.94848	0.06278054	34853.00000000	16.004621325529	0.712540863913	5.000000000000	4000.000000000000	3
38.78917	-120.89945	0.42368104	41743.00000000	16.004621325529	0.712540863913	5.000000000000	4000.000000000000	3
38.76504	-120.86381	0.14705593	45926.00000000	16.004621325529	0.712540863913	5.000000000000	4000.000000000000	3
38.74667	-120.88000	0.01337345	44338.00000000	16.004621325529	0.712540863913	5.000000000000	4000.000000000000	3
38.74313	-120.86176	0.05907084	45565.00000000	16.004621325529	0.712540863913	5.000000000000	4000.000000000000	3
38.77752	-120.76797	0.24506896	61860.00000000	16.004621325529	0.712540863913	5.000000000000	4000.000000000000	7
38.77421	-120.72833	0.29801910	71870.00000000	16.004621325529	0.712540863913	5.000000000000	4000.000000000000	7
39.13826	-120.89681	0.23285098	78632.00000000	16.004621325529	0.712540863913	5.000000000000	4000.000000000000	6
39.14738	-120.84502	0.36097935	84966.00000000	16.004621325529	0.712540863913	5.000000000000	4000.000000000000	6
39.16103	-120.80483	0.07063230	86645.00000000	16.004621325529	0.712540863913	5.000000000000	4000.000000000000	6
39.08724	-120.95156	0.28230436	71241.00000000	16.004621325529	0.712540863913	5.000000000000	4000.000000000000	6
39.09443	-120.90730	0.74924384	69713.00000000	16.004621325529	0.712540863913	5.000000000000	4000.000000000000	6
39.08898	-120.85214	0.38539656	72142.00000000	16.004621325529	0.712540863913	5.000000000000	4000.000000000000	6
39.08862	-120.79134	0.37154247	81307.00000000	16.004621325529	0.712540863913	5.000000000000	4000.000000000000	6
39.02906	-120.95958	0.51450234	55124.00000000	16.004621325529	0.712540863913	5.000000000000	4000.000000000000	6
39.03379	-120.90835	0.70497008	59554.00000000	16.004621325529	0.712540863913	5.000000000000	4000.000000000000	6
39.03553	-120.84923	0.33822809	67373.00000000	16.004621325529	0.712540863913	5.000000000000	4000.000000000000	6
39.03397	-120.79677	0.01748181	76401.00000000	16.004621325529	0.712540863913	5.000000000000	4000.000000000000	6
38.95750	-121.01246	0.09778512	44240.00000000	16.004621325529	0.712540863913	5.000000000000	4000.000000000000	6
38.97199	-120.96756	0.66177369	47234.00000000	16.004621325529	0.712540863913	5.000000000000	4000.000000000000	6
38.96550	-120.90757	0.67892996	53245.00000000	16.004621325529	0.712540863913	5.000000000000	4000.000000000000	6
38.96950	-120.84470	0.73628781	64350.00000000	16.004621325529	0.712540863913	5.000000000000	4000.000000000000	6
38.96086	-120.77530	0.27555258	72745.00000000	16.004621325529	0.712540863913	5.000000000000	4000.000000000000	6
38.95475	-120.71668	0.28753240	80916.00000000	16.004621325529	0.712540863913	5.000000000000	4000.000000000000	6
38.93625	-121.00917	0.00916979	44927.00000000	16.004621325529	0.712540863913	5.000000000000	4000.000000000000	6
38.93079	-120.95124	0.04793799	46262.00000000	16.004621325529	0.712540863913	5.000000000000	4000.000000000000	6
38.91066	-120.90107	0.61008617	51107.00000000	16.004621325529	0.712540863913	5.000000000000	4000.000000000000	6
38.90611	-120.85070	0.60739338	55767.00000000	16.004621325529	0.712540863913	5.000000000000	4000.000000000000	6
38.90149	-120.78057	0.63438867	73915.00000000	16.004621325529	0.712540863913	5.000000000000	4000.000000000000	6
38.90406	-120.71942	0.71857663	82837.00000000	16.004621325529	0.712540863913	5.000000000000	4000.000000000000	6
38.88850	-120.68313	0.04114468	88702.00000000	16.004621325529	0.712540863913	5.000000000000	4000.000000000000	6
38.88183	-120.57441	0.02975514	99193.00000000	16.004621325529	0.712540863913	5.000000000000	4000.000000000000	6
38.88532	-120.52901	0.20155928	105758.00000000	16.004621325529	0.712540863913	5.000000000000	4000.000000000000	6
38.88795	-120.49667	0.02446941	116144.00000000	16.004621325529	0.712540863913	5.000000000000	4000.000000000000	6
38.86602	-120.88430	0.06898420	52596.00000000	16.004621325529	0.712540863913	5.000000000000	4000.000000000000	6
38.84843	-120.83910	0.60002921	55997.00000000	16.004621325529	0.712540863913	5.000000000000	4000.000000000000	6
38.84363	-120.78112	0.77920279	59202.00000000	16.004621325529	0.712540863913	5.000000000000	4000.000000000000	6
38.84375	-120.71875	0.78253409	77571.00000000	16.004621325529	0.712540863913	5.000000000000	4000.000000000000	6
38.84021	-120.65841	0.68011666	86180.00000000	16.004621325529	0.712540863913	5.000000000000	4000.000000000000	6
38.84138	-120.59278	0.71520687	91603.00000000	16.004621325529	0.712540863913	5.000000000000	4000.000000000000	6
38.84504	-120.53391	0.68594202	102235.00000000	16.004621325529	0.712540863913	5.000000000000	4000.000000000000	6
38.86333	-120.49667	0.03115367	115898.00000000	16.004621325529	0.712540863913	5.000000000000	4000.000000000000	6
38.79569	-120.82075	0.08367364	48920.00000000	16.004621325529	0.712540863913	5.000000000000	4000.000000000000	6
38.78819	-120.78979	0.44625838	59294.00000000	16.004621325529	0.712540863913	5.000000000000	4000.000000000000	6
38.78889	-120.70978	0.43569019	72956.00000000	16.004621325529	0.712540863913	5.000000000000	4000.000000000000	6
38.78463	-120.65852	0.68518693	81767.00000000	16.004621325529	0.712540863913	5.000000000000	4000.000000000000	6
38.79078	-120.60216	0.42812188	89945.00000000	16.004621325529	0.712540863913	5.000000000000	4000.000000000000	6
38.80766	-120.54037	0.09036223	102104.00000000	16.004621325529	0.712540863913	5.000000000000	4000.000000000000	6
38.71356	-120.84322	0.45991151	46044.00000000	16.004621325529	0.712540863913	5.000000000000	4000.000000000000	6
38.71369	-120.78047	0.42159313	54251.00000000	16.004621325529	0.712540863913	5.000000000000	4000.000000000000	6
38.71634	-120.71653	0.32168503	61946.00000000	16.004621325529	0.712540863913	5.000000000000	4000.000000000000	6
38.72408	-120.66899	0.20261719	69833.00000000	16.004621325529	0.712540863913	5.000000000000	4000.000000000000	6
38.67747	-120.85417	0.09190198	48713.00000000	16.004621325529	0.712540863913	5.000000000000	4000.000000000000	6
38.68281	-120.76220	0.04057719	59150.00000000	16.004621325529	0.712540863913	5.000000000000	4000.000000000000	6
38.68302	-120.74499	0.01715020	62691.00000000	16.004621325529	0.712540863913	5.000000000000	4000.000000000000	6
38.89999	-121.02395	0.30082951	32569.00000000	16.004621325529	0.712540863913	5.000000000000	4000.000000000000	7
38.90354	-120.96985	0.61436988	39621.00000000	16.004621325529	0.712540863913	5.000000000000	4000.000000000000	7
38.89060	-120.92464	0.17181781	48052.00000000	16.004621325529	0.712540863913	5.000000000000	4000.000000000000	7
38.82585	-121.07473	0.13483985	19501.00000000	16.004621325529	0.712540863913	5.000000000000	4000.000000000000	7
38.84714	-121.05024	0.19433852	24285.00000000	16.004621325529	0.712540863913	5.000000000000	4000.000000000000	7
38.84728	-120.97345	0.45767458	34275.00000000	16.004621325529	0.712540863913	5.000000000000	4000.000000000000	7
38.85678	-120.91425	0.31212673	41110.00000000	16.004621325529	0.712540863913	5.000000000000	4000.000000000000	7
38.78190	-121.09273	0.32595422	11761.00000000	16.004621325529	0.712540863913	5.000000000000	4000.000000000000	7
38.80889	-121.05889	0.00960380	22773.00000000	16.004621325529	0.712540863913	5.000000000000	4000.000000000000	7
38.81125	-120.97250	0.00417542	33958.00000000	16.004621325529	0.712540863913	5.000000000000	4000.000000000000	7
38.77154	-120.90975	0.18939161	41011.00000000	16.004621325529	0.712540863913	5.000000000000	4000.000000000000	7
38.73917	-121.12583	0.00278643	10003.00000000	16.004621325529	0.712540863913	5.000000000000	4000.000000000000	7
38.74479	-121.10979	0.04457935	10166.00000000	16.004621325529	0.712540863913	5.000000000000	4000.000000000000	7
38.72648	-120.89185	0.27869371	40743.00000000	16.004621325529	0.712540863913	5.000000000000	4000.000000000000	7
38.73083	-120.86946	0.04737257	45188.00000000	16.004621325529	0.712540863913	5.000000000000	4000.000000000000	7
38.78500	-121.06542	0.03898836	19686.00000000	16.004621325529	0.712540863913	5.000000000000	4000.000000000000	3
38.76857	-121.03281	0.39884012	18382.00000000	16.004621325529	0.712540863913	5.000000000000	4000.000000000000	3
38.75706	-120.99282	0.04401169	27410.00000000	16.004621325529	0.712540863913	5.000000000000	4000.000000000000	3
38.72470	-121.01724	0.35257443	20428.00000000	16.004621325529	0.712540863913	5.000000000000	4000.000000000000	3
38.71744	-120.97261	0.46852833	29014.00000000	16.004621325529	0.712540863913	5.000000000000	4000.000000000000	3
38.69458	-120.93625	0.00710983	42254.00000000	16.004621325529	0.712540863913	5.000000000000	4000.000000000000	3
38.68208	-121.00776	0.00836567	28890.00000000	16.004621325529	0.712540863913	5.000000000000	4000.000000000000	3
38.67792	-120.94875	0.08018086	42238.00000000	16.004621325529	0.712540863913	5.000000000000	4000.000000000000	3
38.67792	-120.93625	0.00920304	44507.00000000	16.004621325529	0.712540863913	5.000000000000	4000.000000000000	3
39.19042	-120.78917	0.02907173	99021.00000000	16.004621325529	0.712540863913	5.000000000000	4000.000000000000	16
39.15495	-120.78498	0.30331765	87130.00000000	16.004621325529	0.712540863913	5.000000000000	4000.000000000000	16
39.10525	-120.76833	0.27722461	86724.00000000	16.004621325529	0.712540863913	5.000000000000	4000.000000000000	16
39.02423	-120.78897	0.23034437	76624.00000000	16.004621325529	0.712540863913	5.000000000000	4000.000000000000	16
38.94650	-120.81733	0.03597995	71569.00000000	16.004621325529	0.712540863913	5.000000000000	4000.000000000000	16
38.97779	-120.79933	0.21118993	72805.00000000	16.004621325529	0.712540863913	5.000000000000	4000.000000000000	16
38.90673	-120.81954	0.17444084	71531.00000000	16.004621325529	0.712540863913	5.000000000000	4000.000000000000	16
38.90625	-120.81125	0.03126931	73429.00000000	16.004621325529	0.712540863913	5.000000000000	4000.000000000000	16
38.87167	-120.81542	0.00778751	82815.00000000	16.004621325529	0.712540863913	5.000000000000	4000.000000000000	16
38.87167	-120.81125	0.00333750	82738.00000000	16.004621325529	0.712540863913	5.000000000000	4000.000000000000	16
38.68083	-121.18083	0.01003941	0.00000000	16.004621325529	0.712540863913	5.000000000000	4000.000000000000	6
39.19042	-120.69042	0.00678340	110941.00000000	16.004621325529	0.712540863913	5.000000000000	4000.000000000000	3
39.19042	-120.67429	0.02228833	113396.00000000	16.004621325529	0.712540863913	5.000000000000	4000.000000000000	3
39.19408	-120.59089	0.08028730	120851.00000000	16.004621325529	0.712540863913	5.000000000000	4000.000000000000	3
39.14497	-120.71350	0.30906189	97561.00000000	16.004621325529	0.712540863913	5.000000000000	4000.000000000000	3
39.16758	-120.65958	0.42639060	104852.00000000	16.004621325529	0.712540863913	5.000000000000	4000.000000000000	3
39.17395	-120.61097	0.13847283	112219.00000000	16.004621325529	0.712540863913	5.000000000000	4000.000000000000	3
39.09995	-120.72288	0.15385742	91306.00000000	16.004621325529	0.712540863913	5.000000000000	4000.000000000000	3
39.10896	-120.63313	0.04435054	106195.00000000	16.004621325529	0.712540863913	5.000000000000	4000.000000000000	3
39.10727	-120.59367	0.13166776	109058.00000000	16.004621325529	0.712540863913	5.000000000000	4000.000000000000	3
39.09267	-120.55064	0.16497012	115817.00000000	16.004621325529	0.712540863913	5.000000000000	4000.000000000000	3
39.06542	-120.43083	0.00970779	129143.00000000	16.004621325529	0.712540863913	5.000000000000	4000.000000000000	3
39.06125	-120.73083	0.00416073	91028.00000000	16.004621325529	0.712540863913	5.000000000000	4000.000000000000	3
39.01051	-120.64150	0.14766453	97444.00000000	16.004621325529	0.712540863913	5.000000000000	4000.000000000000	3
39.00986	-120.59528	0.23816316	101934.00000000	16.004621325529	0.712540863913	5.000000000000	4000.000000000000	3
39.02804	-120.53360	0.29416275	111716.00000000	16.004621325529	0.712540863913	5.000000000000	4000.000000000000	3
39.03474	-120.47135	0.37599197	119261.00000000	16.004621325529	0.712540863913	5.000000000000	4000.000000000000	3
39.05854	-120.43354	0.00832178	128827.00000000	16.004621325529	0.712540863913	5.000000000000	4000.000000000000	3
38.99499	-120.64294	0.07441627	97563.00000000	16.004621325529	0.712540863913	5.000000000000	4000.000000000000	3
38.99412	-120.60233	0.11441333	102126.00000000	16.004621325529	0.712540863913	5.000000000000	4000.000000000000	3
38.83422	-120.51270	0.09378164	108215.00000000	16.004621325529	0.712540863913	5.000000000000	4000.000000000000	3
38.82867	-120.47106	0.36398666	111378.00000000	16.004621325529	0.712540863913	5.000000000000	4000.000000000000	3
38.79276	-120.52198	0.27648816	101983.00000000	16.004621325529	0.712540863913	5.000000000000	4000.000000000000	3
38.79849	-120.47250	0.32492977	109006.00000000	16.004621325529	0.712540863913	5.000000000000	4000.000000000000	3
38.78732	-120.40364	0.25756947	116983.00000000	16.004621325529	0.712540863913	5.000000000000	4000.000000000000	3
38.78999	-120.35239	0.14534776	125503.00000000	16.004621325529	0.712540863913	5.000000000000	4000.000000000000	3
38.75500	-120.31125	0.00501446	132843.00000000	16.004621325529	0.712540863913	5.000000000000	4000.000000000000	3
38.72974	-120.39603	0.33931236	120240.00000000	16.004621325529	0.712540863913	5.000000000000	4000.000000000000	3
38.71918	-120.34352	0.42825945	126772.00000000	16.004621325529	0.712540863913	5.000000000000	4000.000000000000	3
38.71329	-120.28609	0.47164727	133955.00000000	16.004621325529	0.712540863913	5.000000000000	4000.000000000000	3
38.68333	-120.32061	0.01017855	138318.00000000	16.004621325529	0.712540863913	5.000000000000	4000.000000000000	3
38.67641	-120.28418	0.13177436	138596.00000000	16.004621325529	0.712540863913	5.000000000000	4000.000000000000	3
39.08353	-120.39800	0.36880247	130185.00000000	16.004621325529	0.712540863913	5.000000000000	4000.000000000000	3
39.08853	-120.36718	0.07208506	149542.00000000	16.004621325529	0.712540863913	5.000000000000	4000.000000000000	3
39.01869	-120.45024	0.20734502	123416.00000000	16.004621325529	0.712540863913	5.000000000000	4000.000000000000	3
39.04388	-120.42078	0.25052318	129143.00000000	16.004621325529	0.712540863913	5.000000000000	4000.000000000000	3
38.94650	-120.69233	0.03597994	99029.00000000	16.004621325529	0.712540863913	5.000000000000	4000.000000000000	3
38.94468	-120.67647	0.06820512	98991.00000000	16.004621325529	0.712540863913	5.000000000000	4000.000000000000	3
38.98734	-120.45479	0.14800208	130310.00000000	16.004621325529	0.712540863913	5.000000000000	4000.000000000000	3
38.99250	-120.43625	0.00749660	135241.00000000	16.004621325529	0.712540863913	5.000000000000	4000.000000000000	3
38.92978	-120.69358	0.04043532	94234.00000000	16.004621325529	0.712540863913	5.000000000000	4000.000000000000	3
38.90640	-120.66123	0.55582670	89820.00000000	16.004621325529	0.712540863913	5.000000000000	4000.000000000000	3
38.90620	-120.62083	0.02501910	97950.00000000	16.004621325529	0.712540863913	5.000000000000	4000.000000000000	3
38.86718	-120.64227	0.10014079	90168.00000000	16.004621325529	0.712540863913	5.000000000000	4000.000000000000	3
38.86647	-120.61647	0.03615887	96733.00000000	16.004621325529	0.712540863913	5.000000000000	4000.000000000000	3
38.83607	-120.38738	0.18699576	130467.00000000	16.004621325529	0.712540863913	5.000000000000	4000.000000000000	3
38.82272	-120.34971	0.18309934	134196.00000000	16.004621325529	0.712540863913	5.000000000000	4000.000000000000	3
38.77322	-120.40083	0.35091878	117271.00000000	16.004621325529	0.712540863913	5.000000000000	4000.000000000000	3
38.77911	-120.34190	0.63497325	124656.00000000	16.004621325529	0.712540863913	5.000000000000	4000.000000000000	3
38.77205	-120.28232	0.53247686	132489.00000000	16.004621325529	0.712540863913	5.000000000000	4000.000000000000	3
38.77819	-120.22560	0.34754819	140245.00000000	16.004621325529	0.712540863913	5.000000000000	4000.000000000000	3
38.79369	-120.16028	0.16150027	148017.00000000	16.004621325529	0.712540863913	5.000000000000	4000.000000000000	3
38.74667	-120.37583	0.00222891	126446.00000000	16.004621325529	0.712540863913	5.000000000000	4000.000000000000	3
38.72786	-120.33875	0.24846951	126369.00000000	16.004621325529	0.712540863913	5.000000000000	4000.000000000000	3
38.72969	-120.27503	0.29083476	134071.00000000	16.004621325529	0.712540863913	5.000000000000	4000.000000000000	3
38.72587	-120.22719	0.35866108	140922.00000000	16.004621325529	0.712540863913	5.000000000000	4000.000000000000	3
38.72058	-120.18208	0.01811650	150379.00000000	16.004621325529	0.712540863913	5.000000000000	4000.000000000000	3
38.68625	-120.31542	0.00292792	138542.00000000	16.004621325529	0.712540863913	5.000000000000	4000.000000000000	3
38.68304	-120.29971	0.02356486	138318.00000000	16.004621325529	0.712540863913	5.000000000000	4000.000000000000	3
39.06852	-120.38234	0.03799691	147213.00000000	16.004621325529	0.712540863913	5.000000000000	4000.000000000000	6
39.06958	-120.37167	0.01885974	149728.00000000	16.004621325529	0.712540863913	5.000000000000	4000.000000000000	6
39.03116	-120.38965	0.20341359	140495.00000000	16.004621325529	0.712540863913	5.000000000000	4000.000000000000	6
39.03629	-120.36046	0.17536704	149728.00000000	16.004621325529	0.712540863913	5.000000000000	4000.000000000000	6
38.94042	-120.50083	0.00194499	124183.00000000	16.004621325529	0.712540863913	5.000000000000	4000.000000000000	6
38.95200	-120.46597	0.31457929	124500.00000000	16.004621325529	0.712540863913	5.000000000000	4000.000000000000	6
38.96172	-120.40849	0.29456895	134392.00000000	16.004621325529	0.712540863913	5.000000000000	4000.000000000000	6
38.92535	-120.50426	0.02028783	119090.00000000	16.004621325529	0.712540863913	5.000000000000	4000.000000000000	6
38.90553	-120.46514	0.68238140	119314.00000000	16.004621325529	0.712540863913	5.000000000000	4000.000000000000	6
38.90832	-120.41160	0.55384844	128074.00000000	16.004621325529	0.712540863913	5.000000000000	4000.000000000000	6
38.89424	-120.36496	0.06394950	133330.00000000	16.004621325529	0.712540863913	5.000000000000	4000.000000000000	6
38.84750	-120.50083	0.00278220	115373.00000000	16.004621325529	0.712540863913	5.000000000000	4000.000000000000	6
38.85634	-120.46433	0.38742461	115635.00000000	16.004621325529	0.712540863913	5.000000000000	4000.000000000000	6
38.83602	-120.41706	0.39578272	125165.00000000	16.004621325529	0.712540863913	5.000000000000	4000.000000000000	6
38.81125	-120.44042	0.00292280	130419.00000000	16.004621325529	0.712540863913	5.000000000000	4000.000000000000	6
38.80732	-120.41337	0.09591374	124340.00000000	16.004621325529	0.712540863913	5.000000000000	4000.000000000000	6
39.28426	-120.57122	0.07050966	128758.00000000	16.004621325529	0.712540863913	5.000000000000	4000.000000000000	3
39.29010	-120.54983	0.09621440	134140.00000000	16.004621325529	0.712540863913	5.000000000000	4000.000000000000	3
39.19270	-120.53352	0.04291182	130605.00000000	16.004621325529	0.712540863913	5.000000000000	4000.000000000000	3
39.19650	-120.44233	0.03585271	142343.00000000	16.004621325529	0.712540863913	5.000000000000	4000.000000000000	3
39.21065	-120.40199	0.40286795	138955.00000000	16.004621325529	0.712540863913	5.000000000000	4000.000000000000	3
39.21961	-120.34095	0.35563947	149063.00000000	16.004621325529	0.712540863913	5.000000000000	4000.000000000000	3
39.20940	-120.30577	0.04843102	153617.00000000	16.004621325529	0.712540863913	5.000000000000	4000.000000000000	3
39.17473	-120.51902	0.17031559	124919.00000000	16.004621325529	0.712540863913	5.000000000000	4000.000000000000	3
39.15637	-120.45885	0.39354134	129622.00000000	16.004621325529	0.712540863913	5.000000000000	4000.000000000000	3
39.15607	-120.41559	0.38681983	133534.00000000	16.004621325529	0.712540863913	5.000000000000	4000.000000000000	3
39.14670	-120.34364	0.46544627	142955.00000000	16.004621325529	0.712540863913	5.000000000000	4000.000000000000	3
39.15466	-120.30054	0.14349645	153972.00000000	16.004621325529	0.712540863913	5.000000000000	4000.000000000000	3
39.06958	-120.50083	0.00471493	121166.00000000	16.004621325529	0.712540863913	5.000000000000	4000.000000000000	3
39.08301	-120.46572	0.46376195	121352.00000000	16.004621325529	0.712540863913	5.000000000000	4000.000000000000	3
39.10158	-120.41248	0.34333919	128750.00000000	16.004621325529	0.712540863913	5.000000000000	4000.000000000000	3
39.11100	-120.33599	0.23561448	152636.00000000	16.004621325529	0.712540863913	5.000000000000	4000.000000000000	3
39.11671	-120.30348	0.06152941	158507.00000000	16.004621325529	0.712540863913	5.000000000000	4000.000000000000	3
39.04468	-120.50459	0.03690274	119153.00000000	16.004621325529	0.712540863913	5.000000000000	4000.000000000000	3
39.05330	-120.48282	0.13388639	120156.00000000	16.004621325529	0.712540863913	5.000000000000	4000.000000000000	3
39.01943	-120.41359	0.23161229	129035.00000000	16.004621325529	0.712540863913	5.000000000000	4000.000000000000	3
38.97087	-120.44622	0.07082530	131559.00000000	16.004621325529	0.712540863913	5.000000000000	4000.000000000000	3
38.98206	-120.42581	0.15689616	134237.00000000	16.004621325529	0.712540863913	5.000000000000	4000.000000000000	3
38.75892	-120.19824	0.06546300	143994.00000000	16.004621325529	0.712540863913	5.000000000000	4000.000000000000	3
38.76141	-120.16620	0.19358385	148794.00000000	16.004621325529	0.712540863913	5.000000000000	4000.000000000000	3
38.69042	-120.25917	0.02147014	143457.00000000	16.004621325529	0.712540863913	5.000000000000	4000.000000000000	3
38.70828	-120.22781	0.18202553	143862.00000000	16.004621325529	0.712540863913	5.000000000000	4000.000000000000	3
38.73962	-120.15583	0.15326113	149279.00000000	16.004621325529	0.712540863913	5.000000000000	4000.000000000000	3
38.67528	-120.25837	0.08562266	143010.00000000	16.004621325529	0.712540863913	5.000000000000	4000.000000000000	3
38.65176	-120.22617	0.35347122	145279.00000000	16.004621325529	0.712540863913	5.000000000000	4000.000000000000	3
38.63917	-120.18208	0.01813731	156742.00000000	16.004621325529	0.712540863913	5.000000000000	4000.000000000000	3
38.83395	-120.31922	0.07778069	139661.00000000	16.004621325529	0.712540863913	5.000000000000	4000.000000000000	3
38.82330	-120.30435	0.07667052	141891.00000000	16.004621325529	0.712540863913	5.000000000000	4000.000000000000	3
38.81125	-120.31542	0.00292280	149483.00000000	16.004621325529	0.712540863913	5.000000000000	4000.000000000000	3
38.80308	-120.29830	0.06528379	136416.00000000	16.004621325529	0.712540863913	5.000000000000	4000.000000000000	3
38.77165	-120.20892	0.17686204	142274.00000000	16.004621325529	0.712540863913	5.000000000000	4000.000000000000	3
38.78105	-120.15154	0.21025947	148387.00000000	16.004621325529	0.712540863913	5.000000000000	4000.000000000000	3
38.78689	-120.11030	0.18378643	155958.00000000	16.004621325529	0.712540863913	5.000000000000	4000.000000000000	3
39.26791	-120.69942	0.16400231	110622.00000000	16.004621325529	0.712540863913	5.000000000000	4000.000000000000	16
39.27806	-120.66021	0.51765080	115300.00000000	16.004621325529	0.712540863913	5.000000000000	4000.000000000000	16
39.25083	-120.51417	0.00829906	135405.00000000	16.004621325529	0.712540863913	5.000000000000	4000.000000000000	16
39.20914	-120.76021	0.15599343	100325.00000000	16.004621325529	0.712540863913	5.000000000000	4000.000000000000	16
39.21795	-120.71795	0.74062197	103057.00000000	16.004621325529	0.712540863913	5.000000000000	4000.000000000000	16
39.21421	-120.66019	0.57678552	111875.00000000	16.004621325529	0.712540863913	5.000000000000	4000.000000000000	16
39.20766	-120.59677	0.30116994	119592.00000000	16.004621325529	0.712540863913	5.000000000000	4000.000000000000	16
39.22722	-120.52620	0.33346263	127457.00000000	16.004621325529	0.712540863913	5.000000000000	4000.000000000000	16
39.21766	-120.49169	0.08579141	135174.00000000	16.004621325529	0.712540863913	5.000000000000	4000.000000000000	16
39.18023	-120.76511	0.07144513	99277.00000000	16.004621325529	0.712540863913	5.000000000000	4000.000000000000	16
39.17027	-120.71559	0.35424600	98772.00000000	16.004621325529	0.712540863913	5.000000000000	4000.000000000000	16
39.14254	-120.65222	0.35266420	104181.00000000	16.004621325529	0.712540863913	5.000000000000	4000.000000000000	16
39.15027	-120.59234	0.58092365	111455.00000000	16.004621325529	0.712540863913	5.000000000000	4000.000000000000	16
39.13852	-120.54301	0.17178576	119767.00000000	16.004621325529	0.712540863913	5.000000000000	4000.000000000000	16
39.13285	-120.48769	0.06511344	127638.00000000	16.004621325529	0.712540863913	5.000000000000	4000.000000000000	16
39.13640	-120.41643	0.05902105	133387.00000000	16.004621325529	0.712540863913	5.000000000000	4000.000000000000	16
39.08946	-120.70488	0.39998616	94214.00000000	16.004621325529	0.712540863913	5.000000000000	4000.000000000000	16
39.09283	-120.65764	0.73540474	97524.00000000	16.004621325529	0.712540863913	5.000000000000	4000.000000000000	16
39.09100	-120.59377	0.67578552	103564.00000000	16.004621325529	0.712540863913	5.000000000000	4000.000000000000	16
39.09319	-120.52623	0.58789925	117887.00000000	16.004621325529	0.712540863913	5.000000000000	4000.000000000000	16
39.10861	-120.47713	0.26469652	122662.00000000	16.004621325529	0.712540863913	5.000000000000	4000.000000000000	16
39.11643	-120.42282	0.03242830	132147.00000000	16.004621325529	0.712540863913	5.000000000000	4000.000000000000	16
39.01728	-120.76685	0.24758459	79996.00000000	16.004621325529	0.712540863913	5.000000000000	4000.000000000000	16
39.02969	-120.71721	0.73274704	84540.00000000	16.004621325529	0.712540863913	5.000000000000	4000.000000000000	16
39.03609	-120.65969	0.63280255	93635.00000000	16.004621325529	0.712540863913	5.000000000000	4000.000000000000	16
39.04064	-120.59308	0.54231990	103330.00000000	16.004621325529	0.712540863913	5.000000000000	4000.000000000000	16
39.04206	-120.53949	0.30730888	111269.00000000	16.004621325529	0.712540863913	5.000000000000	4000.000000000000	16
38.99667	-120.76750	0.04664275	80089.00000000	16.004621325529	0.712540863913	5.000000000000	4000.000000000000	16
38.98757	-120.71346	0.27494392	82473.00000000	16.004621325529	0.712540863913	5.000000000000	4000.000000000000	16
38.96987	-120.66000	0.47464076	94731.00000000	16.004621325529	0.712540863913	5.000000000000	4000.000000000000	16
38.96501	-120.59531	0.39884885	102765.00000000	16.004621325529	0.712540863913	5.000000000000	4000.000000000000	16
38.96932	-120.54836	0.15886571	110559.00000000	16.004621325529	0.712540863913	5.000000000000	4000.000000000000	16
38.93625	-120.63417	0.00916979	105025.00000000	16.004621325529	0.712540863913	5.000000000000	4000.000000000000	16
38.92400	-120.58734	0.20622760	107146.00000000	16.004621325529	0.712540863913	5.000000000000	4000.000000000000	16
38.92462	-120.54513	0.14730674	114663.00000000	16.004621325529	0.712540863913	5.000000000000	4000.000000000000	16
39.35162	-120.64732	0.00234925	127198.00000000	16.004621325529	0.712540863913	5.000000000000	4000.000000000000	3
39.34376	-120.59293	0.05222296	126764.00000000	16.004621325529	0.712540863913	5.000000000000	4000.000000000000	3
39.34737	-120.40405	0.00221107	159143.00000000	16.004621325529	0.712540863913	5.000000000000	4000.000000000000	3
39.31125	-120.64094	0.00621849	125971.00000000	16.004621325529	0.712540863913	5.000000000000	4000.000000000000	3
39.30626	-120.58660	0.10948245	126317.00000000	16.004621325529	0.712540863913	5.000000000000	4000.000000000000	3
39.28768	-120.52537	0.24764545	133497.00000000	16.004621325529	0.712540863913	5.000000000000	4000.000000000000	3
39.28534	-120.46741	0.38301359	137626.00000000	16.004621325529	0.712540863913	5.000000000000	4000.000000000000	3
39.28023	-120.41172	0.40731290	145595.00000000	16.004621325529	0.712540863913	5.000000000000	4000.000000000000	3
39.27596	-120.34431	0.33504882	152748.00000000	16.004621325529	0.712540863913	5.000000000000	4000.000000000000	3
39.25648	-120.30776	0.02572418	159993.00000000	16.004621325529	0.712540863913	5.000000000000	4000.000000000000	3
39.19727	-120.38163	0.05453901	145276.00000000	16.004621325529	0.712540863913	5.000000000000	4000.000000000000	3
39.21741	-120.34556	0.41389253	145675.00000000	16.004621325529	0.712540863913	5.000000000000	4000.000000000000	3
39.21758	-120.29376	0.34511702	153486.00000000	16.004621325529	0.712540863913	5.000000000000	4000.000000000000	3
39.16056	-120.39304	0.32768945	135934.00000000	16.004621325529	0.712540863913	5.000000000000	4000.000000000000	3
39.16686	-120.34388	0.36909224	142863.00000000	16.004621325529	0.712540863913	5.000000000000	4000.000000000000	3
39.15597	-120.27793	0.58738658	153639.00000000	16.004621325529	0.712540863913	5.000000000000	4000.000000000000	3
39.14750	-120.24667	0.00512523	168212.00000000	16.004621325529	0.712540863913	5.000000000000	4000.000000000000	3
39.11417	-120.37583	0.00277174	151834.00000000	16.004621325529	0.712540863913	5.000000000000	4000.000000000000	3
39.08654	-120.34223	0.43933543	150607.00000000	16.004621325529	0.712540863913	5.000000000000	4000.000000000000	3
39.09471	-120.28266	0.55044904	157605.00000000	16.004621325529	0.712540863913	5.000000000000	4000.000000000000	3
39.11000	-120.24667	0.02217522	166509.00000000	16.004621325529	0.712540863913	5.000000000000	4000.000000000000	3
39.02391	-120.38096	0.08658510	139584.00000000	16.004621325529	0.712540863913	5.000000000000	4000.000000000000	3
39.02988	-120.33898	0.60318614	147139.00000000	16.004621325529	0.712540863913	5.000000000000	4000.000000000000	3
39.03899	-120.28284	0.52291280	157378.00000000	16.004621325529	0.712540863913	5.000000000000	4000.000000000000	3
39.03610	-120.22832	0.30937825	166247.00000000	16.004621325529	0.712540863913	5.000000000000	4000.000000000000	3
38.96815	-120.39398	0.32222209	137331.00000000	16.004621325529	0.712540863913	5.000000000000	4000.000000000000	3
38.96809	-120.34443	0.78724469	140387.00000000	16.004621325529	0.712540863913	5.000000000000	4000.000000000000	3
38.96156	-120.29439	0.37926070	144717.00000000	16.004621325529	0.712540863913	5.000000000000	4000.000000000000	3
38.92024	-120.38425	0.11673972	130777.00000000	16.004621325529	0.712540863913	5.000000000000	4000.000000000000	3
38.90741	-120.34193	0.71598874	133084.00000000	16.004621325529	0.712540863913	5.000000000000	4000.000000000000	3
38.90455	-120.28293	0.23752518	140917.00000000	16.004621325529	0.712540863913	5.000000000000	4000.000000000000	3
38.86414	-120.38149	0.06064335	130700.00000000	16.004621325529	0.712540863913	5.000000000000	4000.000000000000	3
38.85618	-120.34550	0.44428025	132816.00000000	16.004621325529	0.712540863913	5.000000000000	4000.000000000000	3
38.84250	-120.27930	0.61407928	141930.00000000	16.004621325529	0.712540863913	5.000000000000	4000.000000000000	3
38.83622	-120.22413	0.51406955	150586.00000000	16.004621325529	0.712540863913	5.000000000000	4000.000000000000	3
38.82221	-120.16874	0.14959037	151411.00000000	16.004621325529	0.712540863913	5.000000000000	4000.000000000000	3
38.82207	-120.08968	0.19172112	157122.00000000	16.004621325529	0.712540863913	5.000000000000	4000.000000000000	3
38.82419	-120.04710	0.08502437	165214.00000000	16.004621325529	0.712540863913	5.000000000000	4000.000000000000	3
38.80121	-120.27109	0.18041704	136570.00000000	16.004621325529	0.712540863913	5.000000000000	4000.000000000000	3
38.80218	-120.22869	0.15159197	141766.00000000	16.004621325529	0.712540863913	5.000000000000	4000.000000000000	3
38.80737	-120.16673	0.03633524	148925.00000000	16.004621325529	0.712540863913	5.000000000000	4000.000000000000	3
38.80735	-120.09885	0.11206953	156674.00000000	16.004621325529	0.712540863913	5.000000000000	4000.000000000000	3
38.81125	-120.04426	0.00542805	165776.00000000	16.004621325529	0.712540863913	5.000000000000	4000.000000000000	3
38.71609	-120.19952	0.24319310	145751.00000000	16.004621325529	0.712540863913	5.000000000000	4000.000000000000	3
38.71221	-120.16665	0.40068974	148870.00000000	16.004621325529	0.712540863913	5.000000000000	4000.000000000000	3
38.66961	-120.20690	0.26372239	149414.00000000	16.004621325529	0.712540863913	5.000000000000	4000.000000000000	3
38.67530	-120.16895	0.14628161	151018.00000000	16.004621325529	0.712540863913	5.000000000000	4000.000000000000	3
39.01560	-120.27770	0.25312351	160018.00000000	16.004621325529	0.712540863913	5.000000000000	4000.000000000000	16
39.01253	-120.22260	0.20385055	169679.00000000	16.004621325529	0.712540863913	5.000000000000	4000.000000000000	16
38.97475	-120.26742	0.38746916	150217.00000000	16.004621325529	0.712540863913	5.000000000000	4000.000000000000	16
38.96847	-120.21903	0.77015662	152694.00000000	16.004621325529	0.712540863913	5.000000000000	4000.000000000000	16
38.95903	-120.16862	0.31581751	178813.00000000	16.004621325529	0.712540863913	5.000000000000	4000.000000000000	16
38.87583	-120.31542	0.00194676	140230.00000000	16.004621325529	0.712540863913	5.000000000000	4000.000000000000	16
38.90699	-120.28052	0.54433501	140955.00000000	16.004621325529	0.712540863913	5.000000000000	4000.000000000000	16
38.90625	-120.21875	0.78184623	150076.00000000	16.004621325529	0.712540863913	5.000000000000	4000.000000000000	16
38.90435	-120.17140	0.37025774	170754.00000000	16.004621325529	0.712540863913	5.000000000000	4000.000000000000	16
38.87167	-120.31542	0.00778751	140415.00000000	16.004621325529	0.712540863913	5.000000000000	4000.000000000000	16
38.86917	-120.27500	0.09178454	141141.00000000	16.004621325529	0.712540863913	5.000000000000	4000.000000000000	16
38.85817	-120.20844	0.26849076	150832.00000000	16.004621325529	0.712540863913	5.000000000000	4000.000000000000	16
38.84268	-120.15469	0.44699018	154450.00000000	16.004621325529	0.712540863913	5.000000000000	4000.000000000000	16
38.83639	-120.11194	0.11658160	158278.00000000	16.004621325529	0.712540863913	5.000000000000	4000.000000000000	16
38.81542	-120.05167	0.01948416	166201.00000000	16.004621325529	0.712540863913	5.000000000000	4000.000000000000	16
38.80637	-120.19946	0.04175554	147854.00000000	16.004621325529	0.712540863913	5.000000000000	4000.000000000000	16
38.78633	-120.14542	0.18154588	149429.00000000	16.004621325529	0.712540863913	5.000000000000	4000.000000000000	16
38.77595	-120.08672	0.42138864	157377.00000000	16.004621325529	0.712540863913	5.000000000000	4000.000000000000	16
38.78490	-120.05391	0.16496065	164398.00000000	16.004621325529	0.712540863913	5.000000000000	4000.000000000000	16
38.71922	-120.13439	0.16723849	155317.00000000	16.004621325529	0.712540863913	5.000000000000	4000.000000000000	16
38.72276	-120.09842	0.47936124	158665.00000000	16.004621325529	0.712540863913	5.000000000000	4000.000000000000	16
38.69962	-120.03266	0.17060488	167122.00000000	16.004621325529	0.712540863913	5.000000000000	4000.000000000000	16
38.69042	-119.99667	0.00780732	176735.00000000	16.004621325529	0.712540863913	5.000000000000	4000.000000000000	16
38.64524	-120.19696	0.05509982	153665.00000000	16.004621325529	0.712540863913	5.000000000000	4000.000000000000	16
38.65498	-120.15266	0.45789956	152198.00000000	16.004621325529	0.712540863913	5.000000000000	4000.000000000000	16
38.64669	-120.09466	0.49606932	158759.00000000	16.004621325529	0.712540863913	5.000000000000	4000.000000000000	16
38.65481	-120.02912	0.35717332	168193.00000000	16.004621325529	0.712540863913	5.000000000000	4000.000000000000	16
38.64556	-119.98136	0.05271037	176828.00000000	16.004621325529	0.712540863913	5.000000000000	4000.000000000000	16
38.59277	-120.15730	0.00223281	166575.00000000	16.004621325529	0.712540863913	5.000000000000	4000.000000000000	16
38.59004	-120.09105	0.02456256	166019.00000000	16.004621325529	0.712540863913	5.000000000000	4000.000000000000	16
38.75505	-120.08389	0.06602499	159467.00000000	16.004621325529	0.712540863913	5.000000000000	4000.000000000000	3
38.75083	-120.05708	0.00348256	164398.00000000	16.004621325529	0.712540863913	5.000000000000	4000.000000000000	3
38.70323	-120.13573	0.04460556	156528.00000000	16.004621325529	0.712540863913	5.000000000000	4000.000000000000	3
38.71244	-120.08640	0.30453125	159136.00000000	16.004621325529	0.712540863913	5.000000000000	4000.000000000000	3
38.71901	-120.04153	0.26394220	164437.00000000	16.004621325529	0.712540863913	5.000000000000	4000.000000000000	3
38.69802	-119.99280	0.03443160	176604.00000000	16.004621325529	0.712540863913	5.000000000000	4000.000000000000	3
38.63573	-120.15323	0.05190686	157206.00000000	16.004621325529	0.712540863913	5.000000000000	4000.000000000000	3
38.67638	-120.08789	0.23441344	159692.00000000	16.004621325529	0.712540863913	5.000000000000	4000.000000000000	3
38.67375	-120.05708	0.05982361	168532.00000000	16.004621325529	0.712540863913	5.000000000000	4000.000000000000	3
38.65277	-119.96223	0.01812626	177553.00000000	16.004621325529	0.712540863913	5.000000000000	4000.000000000000	3
38.61480	-120.13756	0.01395540	166221.00000000	16.004621325529	0.712540863913	5.000000000000	4000.000000000000	3
38.60635	-120.10292	0.00348908	167448.00000000	16.004621325529	0.712540863913	5.000000000000	4000.000000000000	3
39.27512	-120.63273	0.14161566	117831.00000000	16.004621325529	0.712540863913	5.000000000000	4000.000000000000	6
39.27558	-120.59799	0.61108322	122424.00000000	16.004621325529	0.712540863913	5.000000000000	4000.000000000000	6
39.25991	-120.53458	0.17977947	132340.00000000	16.004621325529	0.712540863913	5.000000000000	4000.000000000000	6
39.25694	-120.47716	0.11475350	136584.00000000	16.004621325529	0.712540863913	5.000000000000	4000.000000000000	6
39.25471	-120.39881	0.09263994	145410.00000000	16.004621325529	0.712540863913	5.000000000000	4000.000000000000	6
39.25500	-120.37167	0.01327771	151930.00000000	16.004621325529	0.712540863913	5.000000000000	4000.000000000000	6
39.23687	-120.64134	0.17930315	116898.00000000	16.004621325529	0.712540863913	5.000000000000	4000.000000000000	6
39.23215	-120.59204	0.39696695	121382.00000000	16.004621325529	0.712540863913	5.000000000000	4000.000000000000	6
39.21450	-120.53520	0.40202644	124309.00000000	16.004621325529	0.712540863913	5.000000000000	4000.000000000000	6
39.22011	-120.46719	0.65677706	135606.00000000	16.004621325529	0.712540863913	5.000000000000	4000.000000000000	6
39.23256	-120.41578	0.32100906	142470.00000000	16.004621325529	0.712540863913	5.000000000000	4000.000000000000	6
39.24667	-120.37167	0.00885286	152486.00000000	16.004621325529	0.712540863913	5.000000000000	4000.000000000000	6
39.17335	-120.56755	0.05968577	120390.00000000	16.004621325529	0.712540863913	5.000000000000	4000.000000000000	6
39.15601	-120.53140	0.43697604	120931.00000000	16.004621325529	0.712540863913	5.000000000000	4000.000000000000	6
39.16086	-120.47706	0.32047766	128833.00000000	16.004621325529	0.712540863913	5.000000000000	4000.000000000000	6
39.12167	-120.52667	0.02217155	124341.00000000	16.004621325529	0.712540863913	5.000000000000	4000.000000000000	6
39.12583	-120.42667	0.00554256	133349.00000000	16.004621325529	0.712540863913	5.000000000000	4000.000000000000	14
39.11417	-120.45292	0.05127716	128680.00000000	16.004621325529	0.712540863913	5.000000000000	4000.000000000000	14
39.09779	-120.40836	0.09564769	132109.00000000	16.004621325529	0.712540863913	5.000000000000	4000.000000000000	14
39.08917	-120.36417	0.01386361	150437.00000000	16.004621325529	0.712540863913	5.000000000000	4000.000000000000	14
39.00083	-120.31542	0.00194333	158759.00000000	16.004621325529	0.712540863913	5.000000000000	4000.000000000000	14
39.00083	-120.30708	0.00360905	158273.00000000	16.004621325529	0.712540863913	5.000000000000	4000.000000000000	14
38.99186	-120.31996	0.02165703	158666.00000000	16.004621325529	0.712540863913	5.000000000000	4000.000000000000	14
38.99667	-120.30708	0.01443704	158458.00000000	16.004621325529	0.712540863913	5.000000000000	4000.000000000000	14
38.89750	-120.58917	0.01390120	113465.00000000	16.004621325529	0.712540863913	5.000000000000	4000.000000000000	14
38.88125	-120.40271	0.11122501	127396.00000000	16.004621325529	0.712540863913	5.000000000000	4000.000000000000	14
38.82203	-121.09260	0.04731535	19616.00000000	16.004621325529	0.712540863913	5.000000000000	4000.000000000000	14
38.86717	-120.41167	0.13906163	125760.00000000	16.004621325529	0.712540863913	5.000000000000	4000.000000000000	14
38.82750	-120.34750	0.06957448	136804.00000000	16.004621325529	0.712540863913	5.000000000000	4000.000000000000	14
38.75824	-121.13262	0.04513211	10632.00000000	16.004621325529	0.712540863913	5.000000000000	4000.000000000000	14
38.77458	-121.10479	0.15679351	11400.00000000	16.004621325529	0.712540863913	5.000000000000	4000.000000000000	14
38.75583	-121.06125	0.00417867	17951.00000000	16.004621325529	0.712540863913	5.000000000000	4000.000000000000	14
38.72308	-121.14312	0.33974714	5030.00000000	16.004621325529	0.712540863913	5.000000000000	4000.000000000000	14
38.72945	-121.10496	0.25318253	8721.00000000	16.004621325529	0.712540863913	5.000000000000	4000.000000000000	14
38.70028	-120.04472	0.04181856	169746.00000000	16.004621325529	0.712540863913	5.000000000000	4000.000000000000	14
38.66000	-120.12583	0.00557903	160440.00000000	16.004621325529	0.712540863913	5.000000000000	4000.000000000000	14
38.66160	-120.11878	0.03626279	160401.00000000	16.004621325529	0.712540863913	5.000000000000	4000.000000000000	14
