39.63417	-121.06125	0.00069152	73559.00000000	16.004621325529	0.712540863913	5.000000000000	4000.000000000000	6
39.59580	-121.07993	0.15868852	62070.00000000	16.004621325529	0.712540863913	5.000000000000	4000.000000000000	6
39.62167	-121.06125	0.00553249	72996.00000000	16.004621325529	0.712540863913	5.000000000000	4000.000000000000	6
39.56125	-121.08083	0.00692161	61754.00000000	16.004621325529	0.712540863913	5.000000000000	4000.000000000000	6
39.77977	-120.90467	0.18471277	101362.00000000	16.004621325529	0.712540863913	5.000000000000	4000.000000000000	3
39.77742	-120.84762	0.18219063	104053.00000000	16.004621325529	0.712540863913	5.000000000000	4000.000000000000	3
39.72154	-121.03161	0.01750026	92701.00000000	16.004621325529	0.712540863913	5.000000000000	4000.000000000000	3
39.71925	-120.96731	0.30300660	90208.00000000	16.004621325529	0.712540863913	5.000000000000	4000.000000000000	3
39.72194	-120.90154	0.95812262	94050.00000000	16.004621325529	0.712540863913	5.000000000000	4000.000000000000	3
39.71875	-120.84375	1.25447562	96587.00000000	16.004621325529	0.712540863913	5.000000000000	4000.000000000000	3
39.72171	-120.78368	0.46482575	104813.00000000	16.004621325529	0.712540863913	5.000000000000	4000.000000000000	3
39.73209	-120.72699	0.04074877	118621.00000000	16.004621325529	0.712540863913	5.000000000000	4000.000000000000	3
39.64468	-120.96044	0.28804863	82957.00000000	16.004621325529	0.712540863913	5.000000000000	4000.000000000000	3
39.67044	-120.90070	0.44460485	88163.00000000	16.004621325529	0.712540863913	5.000000000000	4000.000000000000	3
39.66471	-120.84718	0.66145633	91960.00000000	16.004621325529	0.712540863913	5.000000000000	4000.000000000000	3
39.66335	-120.79869	0.35920091	104176.00000000	16.004621325529	0.712540863913	5.000000000000	4000.000000000000	3
39.62167	-120.98083	0.01844154	80439.00000000	16.004621325529	0.712540863913	5.000000000000	4000.000000000000	3
39.62167	-120.88000	0.02212985	90771.00000000	16.004621325529	0.712540863913	5.000000000000	4000.000000000000	3
39.61188	-120.86046	0.16693087	94030.00000000	16.004621325529	0.712540863913	5.000000000000	4000.000000000000	3
39.61878	-120.80327	0.05993788	101885.00000000	16.004621325529	0.712540863913	5.000000000000	4000.000000000000	3
39.69508	-121.03671	0.01381734	92308.00000000	16.004621325529	0.712540863913	5.000000000000	4000.000000000000	9
39.69388	-120.96215	0.10477787	90672.00000000	16.004621325529	0.712540863913	5.000000000000	4000.000000000000	9
39.70805	-120.92207	0.29722119	91519.00000000	16.004621325529	0.712540863913	5.000000000000	4000.000000000000	9
39.66510	-121.01549	0.19660255	78259.00000000	16.004621325529	0.712540863913	5.000000000000	4000.000000000000	9
39.66123	-120.97341	0.93323893	80928.00000000	16.004621325529	0.712540863913	5.000000000000	4000.000000000000	9
39.67931	-120.92979	0.08269127	89831.00000000	16.004621325529	0.712540863913	5.000000000000	4000.000000000000	9
39.62167	-121.00500	0.02212985	77780.00000000	16.004621325529	0.712540863913	5.000000000000	4000.000000000000	9
39.61318	-120.96379	0.35366941	78372.00000000	16.004621325529	0.712540863913	5.000000000000	4000.000000000000	9
39.61417	-120.93625	0.00691633	83450.00000000	16.004621325529	0.712540863913	5.000000000000	4000.000000000000	9
39.53833	-121.21099	0.10598146	50537.00000000	16.004621325529	0.712540863913	5.000000000000	4000.000000000000	9
39.53673	-121.16418	0.24217661	48169.00000000	16.004621325529	0.712540863913	5.000000000000	4000.000000000000	9
39.49412	-121.19317	0.04757567	48377.00000000	16.004621325529	0.712540863913	5.000000000000	4000.000000000000	9
39.49499	-121.17307	0.03094605	47357.00000000	16.004621325529	0.712540863913	5.000000000000	4000.000000000000	9
39.71287	-120.70213	0.06723765	120826.00000000	16.004621325529	0.712540863913	5.000000000000	4000.000000000000	3
39.70894	-120.59965	0.00483607	139400.00000000	16.004621325529	0.712540863913	5.000000000000	4000.000000000000	3
39.67494	-120.69591	0.15019182	117988.00000000	16.004621325529	0.712540863913	5.000000000000	4000.000000000000	3
39.65738	-120.65405	0.74752346	118257.00000000	16.004621325529	0.712540863913	5.000000000000	4000.000000000000	3
39.66092	-120.59750	0.93675534	129234.00000000	16.004621325529	0.712540863913	5.000000000000	4000.000000000000	3
39.67477	-120.53452	0.03869825	137751.00000000	16.004621325529	0.712540863913	5.000000000000	4000.000000000000	3
39.60321	-120.64460	0.59400009	115968.00000000	16.004621325529	0.712540863913	5.000000000000	4000.000000000000	3
39.60312	-120.60800	0.40674227	122999.00000000	16.004621325529	0.712540863913	5.000000000000	4000.000000000000	3
39.59179	-121.10652	0.10126798	61770.00000000	16.004621325529	0.712540863913	5.000000000000	4000.000000000000	3
39.55810	-121.10306	0.07199485	60242.00000000	16.004621325529	0.712540863913	5.000000000000	4000.000000000000	3
39.37583	-121.03947	0.01017878	40755.00000000	16.004621325529	0.712540863913	5.000000000000	4000.000000000000	9
39.38923	-120.95396	0.32376703	49859.00000000	16.004621325529	0.712540863913	5.000000000000	4000.000000000000	9
39.39690	-120.90767	0.78073229	53509.00000000	16.004621325529	0.712540863913	5.000000000000	4000.000000000000	9
39.39494	-120.86878	0.06013071	62888.00000000	16.004621325529	0.712540863913	5.000000000000	4000.000000000000	9
39.35346	-121.01880	0.35174428	39080.00000000	16.004621325529	0.712540863913	5.000000000000	4000.000000000000	9
39.34670	-120.97010	0.60288261	41912.00000000	16.004621325529	0.712540863913	5.000000000000	4000.000000000000	9
39.33968	-120.91191	0.34765269	49057.00000000	16.004621325529	0.712540863913	5.000000000000	4000.000000000000	9
39.32864	-120.85917	0.07893804	61949.00000000	16.004621325529	0.712540863913	5.000000000000	4000.000000000000	9
39.32113	-120.77778	0.14655274	70072.00000000	16.004621325529	0.712540863913	5.000000000000	4000.000000000000	9
39.32617	-120.71817	0.33389221	79145.00000000	16.004621325529	0.712540863913	5.000000000000	4000.000000000000	9
39.32667	-120.68625	0.01111109	86501.00000000	16.004621325529	0.712540863913	5.000000000000	4000.000000000000	9
39.28460	-121.02059	0.11188114	35121.00000000	16.004621325529	0.712540863913	5.000000000000	4000.000000000000	9
39.29832	-120.96334	0.37086659	41263.00000000	16.004621325529	0.712540863913	5.000000000000	4000.000000000000	9
39.30505	-120.92683	0.10398072	48811.00000000	16.004621325529	0.712540863913	5.000000000000	4000.000000000000	9
39.30930	-120.76777	0.01597913	78659.00000000	16.004621325529	0.712540863913	5.000000000000	4000.000000000000	9
39.31542	-120.44042	0.01134527	120539.00000000	16.004621325529	0.712540863913	5.000000000000	4000.000000000000	3
39.31946	-120.40936	0.16229542	121380.00000000	16.004621325529	0.712540863913	5.000000000000	4000.000000000000	3
39.31125	-120.44042	0.00486255	120801.00000000	16.004621325529	0.712540863913	5.000000000000	4000.000000000000	3
39.29556	-120.39686	0.06855390	122028.00000000	16.004621325529	0.712540863913	5.000000000000	4000.000000000000	3
39.28824	-120.34598	0.07249374	133872.00000000	16.004621325529	0.712540863913	5.000000000000	4000.000000000000	3
39.27184	-121.08655	0.27315367	26751.00000000	16.004621325529	0.712540863913	5.000000000000	4000.000000000000	16
39.27250	-121.05708	0.03011814	33609.00000000	16.004621325529	0.712540863913	5.000000000000	4000.000000000000	16
39.31845	-121.26393	0.09329786	10223.00000000	16.004621325529	0.712540863913	5.000000000000	4000.000000000000	4
39.31958	-121.23417	0.14956338	10817.00000000	16.004621325529	0.712540863913	5.000000000000	4000.000000000000	4
39.28448	-121.27121	0.60758855	2068.00000000	16.004621325529	0.712540863913	5.000000000000	4000.000000000000	4
39.30372	-121.23722	0.15145063	7938.00000000	16.004621325529	0.712540863913	5.000000000000	4000.000000000000	4
39.24333	-121.26843	0.15855004	93.00000000	16.004621325529	0.712540863913	5.000000000000	4000.000000000000	4
39.23917	-121.24667	0.01622505	3356.00000000	16.004621325529	0.712540863913	5.000000000000	4000.000000000000	4
39.33568	-121.19207	0.09930903	15838.00000000	16.004621325529	0.712540863913	5.000000000000	4000.000000000000	3
39.32499	-121.16630	0.22014794	16247.00000000	16.004621325529	0.712540863913	5.000000000000	4000.000000000000	3
39.26529	-121.25849	0.12604727	3240.00000000	16.004621325529	0.712540863913	5.000000000000	4000.000000000000	3
39.27195	-121.21272	0.71499115	4506.00000000	16.004621325529	0.712540863913	5.000000000000	4000.000000000000	3
39.29325	-121.16993	0.41200645	15547.00000000	16.004621325529	0.712540863913	5.000000000000	4000.000000000000	3
39.24667	-121.25083	0.00370821	3247.00000000	16.004621325529	0.712540863913	5.000000000000	4000.000000000000	3
39.24667	-121.23417	0.06303965	3471.00000000	16.004621325529	0.712540863913	5.000000000000	4000.000000000000	3
39.51894	-121.14416	0.44394794	47983.00000000	16.004621325529	0.712540863913	5.000000000000	4000.000000000000	7
39.51517	-121.10781	0.29548891	49217.00000000	16.004621325529	0.712540863913	5.000000000000	4000.000000000000	7
39.51059	-121.03545	0.16992945	53691.00000000	16.004621325529	0.712540863913	5.000000000000	4000.000000000000	7
39.51833	-120.98445	0.26780116	70551.00000000	16.004621325529	0.712540863913	5.000000000000	4000.000000000000	7
39.47634	-121.14987	0.77389996	39534.00000000	16.004621325529	0.712540863913	5.000000000000	4000.000000000000	7
39.46896	-121.10377	0.78686023	39611.00000000	16.004621325529	0.712540863913	5.000000000000	4000.000000000000	7
39.49343	-121.04642	0.10716402	51700.00000000	16.004621325529	0.712540863913	5.000000000000	4000.000000000000	7
39.42087	-121.15799	0.25201622	31126.00000000	16.004621325529	0.712540863913	5.000000000000	4000.000000000000	7
39.40416	-121.09384	1.18486833	31257.00000000	16.004621325529	0.712540863913	5.000000000000	4000.000000000000	7
39.40281	-121.04764	0.37134339	39508.00000000	16.004621325529	0.712540863913	5.000000000000	4000.000000000000	7
39.35143	-121.12583	0.01296028	27870.00000000	16.004621325529	0.712540863913	5.000000000000	4000.000000000000	7
39.34235	-121.09041	1.13157140	27029.00000000	16.004621325529	0.712540863913	5.000000000000	4000.000000000000	7
39.33676	-121.04104	0.76951544	32830.00000000	16.004621325529	0.712540863913	5.000000000000	4000.000000000000	7
39.29986	-121.07971	0.31988365	26805.00000000	16.004621325529	0.712540863913	5.000000000000	4000.000000000000	7
39.29678	-121.03372	0.60797334	32522.00000000	16.004621325529	0.712540863913	5.000000000000	4000.000000000000	7
39.30057	-120.98307	0.17598969	41017.00000000	16.004621325529	0.712540863913	5.000000000000	4000.000000000000	7
39.65227	-121.03795	0.37170601	73367.00000000	16.004621325529	0.712540863913	5.000000000000	4000.000000000000	6
39.63859	-120.94260	0.07467448	83619.00000000	16.004621325529	0.712540863913	5.000000000000	4000.000000000000	6
39.64556	-120.90693	0.76870703	84955.00000000	16.004621325529	0.712540863913	5.000000000000	4000.000000000000	6
39.67285	-120.86368	0.11056766	94673.00000000	16.004621325529	0.712540863913	5.000000000000	4000.000000000000	6
39.58884	-121.06800	0.16563654	62834.00000000	16.004621325529	0.712540863913	5.000000000000	4000.000000000000	6
39.59350	-121.03137	1.25339461	64972.00000000	16.004621325529	0.712540863913	5.000000000000	4000.000000000000	6
39.58784	-120.97682	0.63672362	73520.00000000	16.004621325529	0.712540863913	5.000000000000	4000.000000000000	6
39.59390	-120.90177	0.92127611	81663.00000000	16.004621325529	0.712540863913	5.000000000000	4000.000000000000	6
39.61417	-120.87167	0.01844354	94979.00000000	16.004621325529	0.712540863913	5.000000000000	4000.000000000000	6
39.55581	-121.12966	0.01961428	63345.00000000	16.004621325529	0.712540863913	5.000000000000	4000.000000000000	6
39.53656	-121.08849	0.83577095	50821.00000000	16.004621325529	0.712540863913	5.000000000000	4000.000000000000	6
39.53096	-121.02820	0.86763955	54184.00000000	16.004621325529	0.712540863913	5.000000000000	4000.000000000000	6
39.53364	-120.96413	0.95813655	70104.00000000	16.004621325529	0.712540863913	5.000000000000	4000.000000000000	6
39.53396	-120.91080	1.04537657	78345.00000000	16.004621325529	0.712540863913	5.000000000000	4000.000000000000	6
39.46574	-121.02682	0.94491365	45337.00000000	16.004621325529	0.712540863913	5.000000000000	4000.000000000000	6
39.46428	-120.96573	0.53111854	53352.00000000	16.004621325529	0.712540863913	5.000000000000	4000.000000000000	6
39.45856	-120.90203	0.49002000	61546.00000000	16.004621325529	0.712540863913	5.000000000000	4000.000000000000	6
39.48917	-120.86750	0.04157280	70111.00000000	16.004621325529	0.712540863913	5.000000000000	4000.000000000000	6
39.40581	-121.02174	0.88017096	39863.00000000	16.004621325529	0.712540863913	5.000000000000	4000.000000000000	6
39.41189	-120.97365	0.97689361	49798.00000000	16.004621325529	0.712540863913	5.000000000000	4000.000000000000	6
39.42542	-120.90731	0.45291652	59379.00000000	16.004621325529	0.712540863913	5.000000000000	4000.000000000000	6
39.42506	-120.86878	0.06010323	69042.00000000	16.004621325529	0.712540863913	5.000000000000	4000.000000000000	6
39.35464	-121.01378	0.18051094	40454.00000000	16.004621325529	0.712540863913	5.000000000000	4000.000000000000	6
39.34121	-120.96758	0.69898320	42352.00000000	16.004621325529	0.712540863913	5.000000000000	4000.000000000000	6
39.34700	-120.90688	0.83777190	51687.00000000	16.004621325529	0.712540863913	5.000000000000	4000.000000000000	6
39.34150	-120.83767	0.58556722	60050.00000000	16.004621325529	0.712540863913	5.000000000000	4000.000000000000	6
39.33500	-120.81125	0.02776815	68305.00000000	16.004621325529	0.712540863913	5.000000000000	4000.000000000000	6
39.26000	-121.11417	0.03915896	25655.00000000	16.004621325529	0.712540863913	5.000000000000	4000.000000000000	6
39.32597	-121.13369	0.16066026	23431.00000000	16.004621325529	0.712540863913	5.000000000000	4000.000000000000	7
39.32375	-121.12167	0.05000583	26489.00000000	16.004621325529	0.712540863913	5.000000000000	4000.000000000000	7
39.27665	-121.14707	0.74461354	17075.00000000	16.004621325529	0.712540863913	5.000000000000	4000.000000000000	7
39.28786	-121.11074	0.43632654	24297.00000000	16.004621325529	0.712540863913	5.000000000000	4000.000000000000	7
39.58625	-120.87583	0.02629263	89131.00000000	16.004621325529	0.712540863913	5.000000000000	4000.000000000000	16
39.58741	-120.86869	0.17433237	89316.00000000	16.004621325529	0.712540863913	5.000000000000	4000.000000000000	16
39.52793	-120.88063	0.14447513	86392.00000000	16.004621325529	0.712540863913	5.000000000000	4000.000000000000	16
39.55708	-120.87167	0.02399636	88275.00000000	16.004621325529	0.712540863913	5.000000000000	4000.000000000000	16
39.45292	-120.87583	0.01710460	68694.00000000	16.004621325529	0.712540863913	5.000000000000	4000.000000000000	16
39.45122	-120.86513	0.19317936	68880.00000000	16.004621325529	0.712540863913	5.000000000000	4000.000000000000	16
39.43625	-120.87583	0.00138681	69343.00000000	16.004621325529	0.712540863913	5.000000000000	4000.000000000000	16
39.41281	-120.84318	0.17526375	69420.00000000	16.004621325529	0.712540863913	5.000000000000	4000.000000000000	16
39.39053	-120.80205	0.18179212	71692.00000000	16.004621325529	0.712540863913	5.000000000000	4000.000000000000	16
39.36533	-120.81881	0.08699839	67426.00000000	16.004621325529	0.712540863913	5.000000000000	4000.000000000000	16
39.35241	-120.80526	0.15367134	68228.00000000	16.004621325529	0.712540863913	5.000000000000	4000.000000000000	16
39.38207	-121.20971	0.07956580	24048.00000000	16.004621325529	0.712540863913	5.000000000000	4000.000000000000	6
39.37583	-121.18625	0.00138802	25298.00000000	16.004621325529	0.712540863913	5.000000000000	4000.000000000000	6
39.34478	-121.20686	0.49552298	15499.00000000	16.004621325529	0.712540863913	5.000000000000	4000.000000000000	6
39.36750	-121.18625	0.01249364	23623.00000000	16.004621325529	0.712540863913	5.000000000000	4000.000000000000	6
39.27667	-121.25083	0.00926752	5656.00000000	16.004621325529	0.712540863913	5.000000000000	4000.000000000000	6
39.29269	-121.22494	0.38216324	7098.00000000	16.004621325529	0.712540863913	5.000000000000	4000.000000000000	6
39.53405	-121.24107	0.00323295	50914.00000000	16.004621325529	0.712540863913	5.000000000000	4000.000000000000	12
39.50525	-121.08868	0.07851149	49904.00000000	16.004621325529	0.712540863913	5.000000000000	4000.000000000000	12
39.46454	-121.19859	0.34058680	43446.00000000	16.004621325529	0.712540863913	5.000000000000	4000.000000000000	12
39.45625	-121.16927	0.42767139	39112.00000000	16.004621325529	0.712540863913	5.000000000000	4000.000000000000	12
39.47019	-121.07577	0.47802674	44126.00000000	16.004621325529	0.712540863913	5.000000000000	4000.000000000000	12
39.47098	-121.05616	0.17807250	44404.00000000	16.004621325529	0.712540863913	5.000000000000	4000.000000000000	12
39.40581	-121.19687	0.27916996	24534.00000000	16.004621325529	0.712540863913	5.000000000000	4000.000000000000	12
39.39981	-121.15923	0.87382384	25342.00000000	16.004621325529	0.712540863913	5.000000000000	4000.000000000000	12
39.42478	-121.07630	0.06727413	33155.00000000	16.004621325529	0.712540863913	5.000000000000	4000.000000000000	12
39.42915	-121.05189	0.08529851	43340.00000000	16.004621325529	0.712540863913	5.000000000000	4000.000000000000	12
39.33083	-121.25083	0.00092598	13371.00000000	16.004621325529	0.712540863913	5.000000000000	4000.000000000000	12
39.34583	-121.22401	0.31242929	13163.00000000	16.004621325529	0.712540863913	5.000000000000	4000.000000000000	12
39.35111	-121.15785	0.89564011	19165.00000000	16.004621325529	0.712540863913	5.000000000000	4000.000000000000	12
39.36519	-121.11359	0.12031278	30324.00000000	16.004621325529	0.712540863913	5.000000000000	4000.000000000000	12
39.30786	-121.16260	0.03705063	18772.00000000	16.004621325529	0.712540863913	5.000000000000	4000.000000000000	12
39.56542	-121.04750	0.01614945	65828.00000000	16.004621325529	0.712540863913	5.000000000000	4000.000000000000	3
39.58117	-120.95624	0.28831922	74818.00000000	16.004621325529	0.712540863913	5.000000000000	4000.000000000000	3
39.59156	-120.92279	0.32057840	83360.00000000	16.004621325529	0.712540863913	5.000000000000	4000.000000000000	3
39.54565	-121.03865	0.26077461	63128.00000000	16.004621325529	0.712540863913	5.000000000000	4000.000000000000	3
39.54741	-120.97187	0.07246064	73808.00000000	16.004621325529	0.712540863913	5.000000000000	4000.000000000000	3
39.50522	-120.89956	0.09460819	70820.00000000	16.004621325529	0.712540863913	5.000000000000	4000.000000000000	3
39.51504	-120.84248	0.55773951	71970.00000000	16.004621325529	0.712540863913	5.000000000000	4000.000000000000	3
39.51833	-120.80708	0.06002367	95983.00000000	16.004621325529	0.712540863913	5.000000000000	4000.000000000000	3
39.46583	-121.00417	0.06931579	51764.00000000	16.004621325529	0.712540863913	5.000000000000	4000.000000000000	3
39.47184	-120.97084	0.76836161	53723.00000000	16.004621325529	0.712540863913	5.000000000000	4000.000000000000	3
39.47539	-120.90951	0.79241604	62032.00000000	16.004621325529	0.712540863913	5.000000000000	4000.000000000000	3
39.48563	-120.84837	0.46291067	69887.00000000	16.004621325529	0.712540863913	5.000000000000	4000.000000000000	3
39.44042	-120.78500	0.03235706	80493.00000000	16.004621325529	0.712540863913	5.000000000000	4000.000000000000	3
39.38452	-120.88264	0.06569273	60073.00000000	16.004621325529	0.712540863913	5.000000000000	4000.000000000000	3
39.40040	-120.84296	0.86394918	62102.00000000	16.004621325529	0.712540863913	5.000000000000	4000.000000000000	3
39.41778	-120.79574	0.31905222	74671.00000000	16.004621325529	0.712540863913	5.000000000000	4000.000000000000	3
39.36824	-120.87877	0.03146733	60367.00000000	16.004621325529	0.712540863913	5.000000000000	4000.000000000000	3
39.36377	-120.85537	0.30637244	60498.00000000	16.004621325529	0.712540863913	5.000000000000	4000.000000000000	3
39.51833	-120.75083	0.00923452	106075.00000000	16.004621325529	0.712540863913	5.000000000000	4000.000000000000	3
39.53179	-120.72326	0.53410580	95174.00000000	16.004621325529	0.712540863913	5.000000000000	4000.000000000000	3
39.50083	-120.68625	0.00138553	97318.00000000	16.004621325529	0.712540863913	5.000000000000	4000.000000000000	3
39.46833	-120.75083	0.00924209	86504.00000000	16.004621325529	0.712540863913	5.000000000000	4000.000000000000	3
39.46770	-120.71670	0.78686810	83386.00000000	16.004621325529	0.712540863913	5.000000000000	4000.000000000000	3
39.46275	-120.67054	0.30589596	91707.00000000	16.004621325529	0.712540863913	5.000000000000	4000.000000000000	3
39.41414	-120.71749	0.80694689	79461.00000000	16.004621325529	0.712540863913	5.000000000000	4000.000000000000	3
39.42309	-120.67922	0.15720609	87316.00000000	16.004621325529	0.712540863913	5.000000000000	4000.000000000000	3
39.58417	-120.57520	0.29962183	125044.00000000	16.004621325529	0.712540863913	5.000000000000	4000.000000000000	3
39.58826	-120.52961	1.05279161	128240.00000000	16.004621325529	0.712540863913	5.000000000000	4000.000000000000	3
39.58665	-120.47071	0.33576860	137143.00000000	16.004621325529	0.712540863913	5.000000000000	4000.000000000000	3
39.50813	-120.78446	0.20872075	80173.00000000	16.004621325529	0.712540863913	5.000000000000	4000.000000000000	3
39.51162	-120.71579	0.35001017	89626.00000000	16.004621325529	0.712540863913	5.000000000000	4000.000000000000	3
39.53172	-120.64993	0.24096973	97727.00000000	16.004621325529	0.712540863913	5.000000000000	4000.000000000000	3
39.53791	-120.60486	0.26789314	106592.00000000	16.004621325529	0.712540863913	5.000000000000	4000.000000000000	3
39.54256	-120.52672	0.74573036	116147.00000000	16.004621325529	0.712540863913	5.000000000000	4000.000000000000	3
39.53670	-120.46640	0.88330741	122839.00000000	16.004621325529	0.712540863913	5.000000000000	4000.000000000000	3
39.54279	-120.41423	0.01731321	144820.00000000	16.004621325529	0.712540863913	5.000000000000	4000.000000000000	3
39.48644	-120.76920	0.29472579	79032.00000000	16.004621325529	0.712540863913	5.000000000000	4000.000000000000	3
39.47269	-120.71922	0.46274032	86566.00000000	16.004621325529	0.712540863913	5.000000000000	4000.000000000000	3
39.46616	-120.66974	0.22802662	90586.00000000	16.004621325529	0.712540863913	5.000000000000	4000.000000000000	3
39.48952	-120.58780	0.37882938	103946.00000000	16.004621325529	0.712540863913	5.000000000000	4000.000000000000	3
39.46897	-120.52466	0.67186172	116332.00000000	16.004621325529	0.712540863913	5.000000000000	4000.000000000000	3
39.46867	-120.47724	0.85152088	122414.00000000	16.004621325529	0.712540863913	5.000000000000	4000.000000000000	3
39.48917	-120.43625	0.00207856	130317.00000000	16.004621325529	0.712540863913	5.000000000000	4000.000000000000	3
39.43625	-120.69042	0.00485385	91768.00000000	16.004621325529	0.712540863913	5.000000000000	4000.000000000000	3
39.43625	-120.68625	0.00208022	91544.00000000	16.004621325529	0.712540863913	5.000000000000	4000.000000000000	3
39.42683	-120.50836	0.12391126	113511.00000000	16.004621325529	0.712540863913	5.000000000000	4000.000000000000	3
39.42046	-120.47566	0.48826736	119242.00000000	16.004621325529	0.712540863913	5.000000000000	4000.000000000000	3
39.42250	-120.41179	0.10680727	124464.00000000	16.004621325529	0.712540863913	5.000000000000	4000.000000000000	3
39.34750	-120.50500	0.02777158	112828.00000000	16.004621325529	0.712540863913	5.000000000000	4000.000000000000	3
39.34797	-120.46354	0.56931456	114541.00000000	16.004621325529	0.712540863913	5.000000000000	4000.000000000000	3
39.34646	-120.43286	0.07405108	121332.00000000	16.004621325529	0.712540863913	5.000000000000	4000.000000000000	3
39.29010	-120.54983	0.04493166	108277.00000000	16.004621325529	0.712540863913	5.000000000000	4000.000000000000	3
39.63695	-120.57822	0.24752310	130189.00000000	16.004621325529	0.712540863913	5.000000000000	4000.000000000000	3
39.65019	-120.53018	0.65141952	133075.00000000	16.004621325529	0.712540863913	5.000000000000	4000.000000000000	3
39.65303	-120.47159	0.04885689	141371.00000000	16.004621325529	0.712540863913	5.000000000000	4000.000000000000	3
39.61258	-120.58013	0.28036171	126463.00000000	16.004621325529	0.712540863913	5.000000000000	4000.000000000000	3
39.61739	-120.53829	0.24442879	132890.00000000	16.004621325529	0.712540863913	5.000000000000	4000.000000000000	3
39.61624	-120.46346	0.01544473	141710.00000000	16.004621325529	0.712540863913	5.000000000000	4000.000000000000	3
39.69662	-120.76308	0.15289652	115850.00000000	16.004621325529	0.712540863913	5.000000000000	4000.000000000000	16
39.69875	-120.74667	0.04973665	115812.00000000	16.004621325529	0.712540863913	5.000000000000	4000.000000000000	16
39.64206	-120.83522	0.52405337	94127.00000000	16.004621325529	0.712540863913	5.000000000000	4000.000000000000	16
39.65330	-120.77480	0.92760776	103914.00000000	16.004621325529	0.712540863913	5.000000000000	4000.000000000000	16
39.64244	-120.73954	0.18433320	108283.00000000	16.004621325529	0.712540863913	5.000000000000	4000.000000000000	16
39.59130	-120.83559	0.93749267	90358.00000000	16.004621325529	0.712540863913	5.000000000000	4000.000000000000	16
39.59254	-120.78018	1.23720812	96184.00000000	16.004621325529	0.712540863913	5.000000000000	4000.000000000000	16
39.58721	-120.72548	0.86453068	104524.00000000	16.004621325529	0.712540863913	5.000000000000	4000.000000000000	16
39.57271	-120.65884	0.40248950	112488.00000000	16.004621325529	0.712540863913	5.000000000000	4000.000000000000	16
39.57430	-120.60883	0.27125679	120506.00000000	16.004621325529	0.712540863913	5.000000000000	4000.000000000000	16
39.53917	-120.87583	0.01384763	87434.00000000	16.004621325529	0.712540863913	5.000000000000	4000.000000000000	16
39.54300	-120.84381	0.71662912	77803.00000000	16.004621325529	0.712540863913	5.000000000000	4000.000000000000	16
39.53685	-120.77935	1.02043836	79873.00000000	16.004621325529	0.712540863913	5.000000000000	4000.000000000000	16
39.55245	-120.72350	0.30349618	104039.00000000	16.004621325529	0.712540863913	5.000000000000	4000.000000000000	16
39.55708	-120.65625	0.22496586	112897.00000000	16.004621325529	0.712540863913	5.000000000000	4000.000000000000	16
39.55932	-120.61095	0.05169893	120730.00000000	16.004621325529	0.712540863913	5.000000000000	4000.000000000000	16
39.45998	-120.83169	0.60195022	70931.00000000	16.004621325529	0.712540863913	5.000000000000	4000.000000000000	16
39.46429	-120.78510	1.05555347	77636.00000000	16.004621325529	0.712540863913	5.000000000000	4000.000000000000	16
39.44875	-120.74667	0.04991634	82807.00000000	16.004621325529	0.712540863913	5.000000000000	4000.000000000000	16
39.43072	-120.82799	0.14125155	72152.00000000	16.004621325529	0.712540863913	5.000000000000	4000.000000000000	16
39.40522	-120.77074	0.79987415	71785.00000000	16.004621325529	0.712540863913	5.000000000000	4000.000000000000	16
39.39451	-120.72522	0.42546076	78096.00000000	16.004621325529	0.712540863913	5.000000000000	4000.000000000000	16
39.40167	-120.68625	0.01387409	86699.00000000	16.004621325529	0.712540863913	5.000000000000	4000.000000000000	16
39.34922	-120.77513	0.87389380	69625.00000000	16.004621325529	0.712540863913	5.000000000000	4000.000000000000	16
39.35435	-120.71970	0.80154860	76924.00000000	16.004621325529	0.712540863913	5.000000000000	4000.000000000000	16
39.34084	-120.66597	0.54786139	84865.00000000	16.004621325529	0.712540863913	5.000000000000	4000.000000000000	16
39.56958	-120.58083	0.03921775	125431.00000000	16.004621325529	0.712540863913	5.000000000000	4000.000000000000	3
39.50083	-120.65583	0.01385527	100265.00000000	16.004621325529	0.712540863913	5.000000000000	4000.000000000000	3
39.52896	-120.58461	0.81255893	107148.00000000	16.004621325529	0.712540863913	5.000000000000	4000.000000000000	3
39.51706	-120.53595	0.50184513	113801.00000000	16.004621325529	0.712540863913	5.000000000000	4000.000000000000	3
39.51057	-120.48276	0.23734086	121851.00000000	16.004621325529	0.712540863913	5.000000000000	4000.000000000000	3
39.47251	-120.64452	0.61314444	93512.00000000	16.004621325529	0.712540863913	5.000000000000	4000.000000000000	3
39.46020	-120.59620	0.92067467	98306.00000000	16.004621325529	0.712540863913	5.000000000000	4000.000000000000	3
39.46623	-120.53828	0.56302916	106308.00000000	16.004621325529	0.712540863913	5.000000000000	4000.000000000000	3
39.49326	-120.45848	0.15242796	121966.00000000	16.004621325529	0.712540863913	5.000000000000	4000.000000000000	3
39.49667	-120.43625	0.00300216	129777.00000000	16.004621325529	0.712540863913	5.000000000000	4000.000000000000	3
39.38234	-120.69352	0.06338075	83529.00000000	16.004621325529	0.712540863913	5.000000000000	4000.000000000000	3
39.40390	-120.65262	1.12753957	86453.00000000	16.004621325529	0.712540863913	5.000000000000	4000.000000000000	3
39.40625	-120.59375	1.30069749	93838.00000000	16.004621325529	0.712540863913	5.000000000000	4000.000000000000	3
39.40347	-120.53390	1.21274450	106273.00000000	16.004621325529	0.712540863913	5.000000000000	4000.000000000000	3
39.39404	-120.46114	0.72782836	115400.00000000	16.004621325529	0.712540863913	5.000000000000	4000.000000000000	3
39.39883	-120.40550	0.94925658	123386.00000000	16.004621325529	0.712540863913	5.000000000000	4000.000000000000	3
39.39656	-120.36796	0.19515324	131449.00000000	16.004621325529	0.712540863913	5.000000000000	4000.000000000000	3
39.37167	-120.69458	0.03146357	83491.00000000	16.004621325529	0.712540863913	5.000000000000	4000.000000000000	3
39.35162	-120.64732	0.57535053	85296.00000000	16.004621325529	0.712540863913	5.000000000000	4000.000000000000	3
39.34376	-120.59293	1.17744241	93877.00000000	16.004621325529	0.712540863913	5.000000000000	4000.000000000000	3
39.34359	-120.53191	1.27032789	103911.00000000	16.004621325529	0.712540863913	5.000000000000	4000.000000000000	3
39.34021	-120.47282	0.70639595	113406.00000000	16.004621325529	0.712540863913	5.000000000000	4000.000000000000	3
39.34737	-120.40405	1.05725856	121418.00000000	16.004621325529	0.712540863913	5.000000000000	4000.000000000000	3
39.34158	-120.35517	0.69732809	129944.00000000	16.004621325529	0.712540863913	5.000000000000	4000.000000000000	3
39.31125	-120.64094	0.00231548	91215.00000000	16.004621325529	0.712540863913	5.000000000000	4000.000000000000	3
39.30626	-120.58660	0.02385118	105816.00000000	16.004621325529	0.712540863913	5.000000000000	4000.000000000000	3
39.28768	-120.52537	0.36689307	106155.00000000	16.004621325529	0.712540863913	5.000000000000	4000.000000000000	3
39.28534	-120.46741	0.46414830	113477.00000000	16.004621325529	0.712540863913	5.000000000000	4000.000000000000	3
39.28023	-120.41172	0.12042084	121888.00000000	16.004621325529	0.712540863913	5.000000000000	4000.000000000000	3
39.27596	-120.34431	0.19243964	130970.00000000	16.004621325529	0.712540863913	5.000000000000	4000.000000000000	3
39.69709	-120.72934	0.17407072	116499.00000000	16.004621325529	0.712540863913	5.000000000000	4000.000000000000	6
39.67667	-120.75083	0.00921344	113505.00000000	16.004621325529	0.712540863913	5.000000000000	4000.000000000000	6
39.65594	-120.71838	0.95941056	109602.00000000	16.004621325529	0.712540863913	5.000000000000	4000.000000000000	6
39.63394	-120.67973	0.10048234	116361.00000000	16.004621325529	0.712540863913	5.000000000000	4000.000000000000	6
39.60682	-120.70529	0.43256292	110334.00000000	16.004621325529	0.712540863913	5.000000000000	4000.000000000000	6
39.60321	-120.67581	0.30066086	112734.00000000	16.004621325529	0.712540863913	5.000000000000	4000.000000000000	6
39.53257	-120.69337	0.11079371	96516.00000000	16.004621325529	0.712540863913	5.000000000000	4000.000000000000	6
39.52456	-120.65807	0.81721206	97241.00000000	16.004621325529	0.712540863913	5.000000000000	4000.000000000000	6
39.52296	-120.61519	0.16620527	105975.00000000	16.004621325529	0.712540863913	5.000000000000	4000.000000000000	6
39.49378	-120.67506	0.06004732	96787.00000000	16.004621325529	0.712540863913	5.000000000000	4000.000000000000	6
39.50538	-120.55129	0.05080050	115144.00000000	16.004621325529	0.712540863913	5.000000000000	4000.000000000000	14
39.44866	-121.13911	0.06701739	39150.00000000	16.004621325529	0.712540863913	5.000000000000	4000.000000000000	14
39.44419	-121.11428	0.03466639	40259.00000000	16.004621325529	0.712540863913	5.000000000000	4000.000000000000	14
39.45375	-120.64125	0.09243323	95264.00000000	16.004621325529	0.712540863913	5.000000000000	4000.000000000000	14
39.48833	-120.53857	0.06466957	116447.00000000	16.004621325529	0.712540863913	5.000000000000	4000.000000000000	14
39.41772	-121.13848	0.17339766	33648.00000000	16.004621325529	0.712540863913	5.000000000000	4000.000000000000	14
39.43161	-121.11583	0.04854172	38949.00000000	16.004621325529	0.712540863913	5.000000000000	4000.000000000000	14
39.41627	-120.52884	0.05641419	109676.00000000	16.004621325529	0.712540863913	5.000000000000	4000.000000000000	14
39.39458	-120.48712	0.13321385	115439.00000000	16.004621325529	0.712540863913	5.000000000000	4000.000000000000	14
39.33475	-120.63270	0.07870038	93119.00000000	16.004621325529	0.712540863913	5.000000000000	4000.000000000000	14
39.34333	-120.62167	0.03703098	95618.00000000	16.004621325529	0.712540863913	5.000000000000	4000.000000000000	14
39.37167	-120.50083	0.00370160	113873.00000000	16.004621325529	0.712540863913	5.000000000000	4000.000000000000	14
39.37167	-120.49667	0.01480639	115570.00000000	16.004621325529	0.712540863913	5.000000000000	4000.000000000000	14
39.32250	-120.37583	0.00463025	129813.00000000	16.004621325529	0.712540863913	5.000000000000	4000.000000000000	14
39.31919	-120.36817	0.03472853	129999.00000000	16.004621325529	0.712540863913	5.000000000000	4000.000000000000	14
39.31125	-120.36417	0.00694650	131201.00000000	16.004621325529	0.712540863913	5.000000000000	4000.000000000000	14
