   7.7807620e-01   8.2213721e-01
   7.3904606e-01   8.2847996e-01
   9.0320559e-01   8.4231482e-01
   7.4033261e-01   7.5434983e-01
   7.2545716e-01   7.6462186e-01
   7.6133722e-01   7.1395271e-01
   7.9998318e-01   7.9500420e-01
   8.8344127e-01   7.9407784e-01
   7.3903094e-01   7.6939640e-01
   7.9559342e-01   7.6313222e-01
   7.4376230e-01   8.0669358e-01
   7.6342093e-01   8.4045112e-01
   8.3747901e-01   8.1776703e-01
   7.6603526e-01   6.6888190e-01
   8.3113323e-01   7.6678842e-01
