   8.6838721e-01   8.0302544e-01
   7.9392039e-01   8.7136650e-01
   8.0349208e-01   7.9112557e-01
   8.0164234e-01   7.5586072e-01
   7.5720784e-01   7.7176329e-01
   7.7601546e-01   6.9683575e-01
   6.8616598e-01   8.1177410e-01
   8.2320124e-01   7.0832406e-01
   7.5593104e-01   7.6546284e-01
   8.2583100e-01   7.5497587e-01
   7.3312530e-01   7.4593761e-01
   7.6622977e-01   8.0268211e-01
   8.3159656e-01   7.7293583e-01
   5.9392976e-01   6.4127630e-01
   7.1090823e-01   5.8179467e-01
