   6.6091324e-01   6.4889902e-01
   8.1990117e-01   7.1557938e-01
   8.9746361e-01   7.9942735e-01
   8.4753691e-01   7.7319698e-01
   8.4798414e-01   8.2995791e-01
   8.6301893e-01   7.7786385e-01
   5.2839298e-01   7.3391156e-01
   7.6953493e-01   6.8362918e-01
   7.0287545e-01   7.4395244e-01
   7.2716511e-01   6.3567142e-01
   7.4573313e-01   7.4093087e-01
   7.0691758e-01   7.7004946e-01
   8.1792857e-01   8.3124175e-01
   6.9310105e-01   6.3002569e-01
   5.3415793e-01   5.0750769e-01
