   7.6786365e-01   8.1514354e-01
   7.0523488e-01   8.1463839e-01
   9.1215574e-01   8.4917845e-01
   7.8810419e-01   7.8560911e-01
   7.3004260e-01   7.7801747e-01
   7.9486307e-01   7.3307228e-01
   9.0092934e-01   8.1623946e-01
   9.0609914e-01   8.1614740e-01
   7.0774467e-01   7.8174992e-01
   8.1428109e-01   7.6182392e-01
   7.4103183e-01   8.0428096e-01
   7.7305568e-01   8.5077809e-01
   7.8646806e-01   8.2597912e-01
   8.4406645e-01   7.1339099e-01
   8.0597641e-01   7.5531290e-01
